365066	-8388608.00
365067	-8388608.00
365100	-8388608.00
365194	-4700646.00
365289	-230887.00
365383	-117897.00
365478	-118546.00
365573	-118184.00
365668	-114131.00
365763	-109980.00
365857	-107705.00
365953	-109202.00
366047	-110572.00
366142	-109363.00
366236	-105225.00
366331	-103703.00
366427	-100633.00
366521	-100496.00
366616	-1.00
366689	-102314.00
366710	-103821.00
366806	-1.00
366889	-102292.00
366900	-1.00
366989	-102310.00
366995	-101346.00
367090	-99884.00
367184	-98824.00
367280	-97163.00
367374	-95151.00
367469	-92957.00
367563	-92491.00
367659	-96016.00
367754	-99110.00
367848	-100134.00
367943	-98424.00
368037	-96140.00
368133	-95064.00
368228	-93691.00
368322	-95224.00
368417	-94321.00
368512	-93441.00
368607	-90807.00
368701	-89613.00
368796	-1.00
368870	-89341.00
368891	-88099.00
368986	-84639.00
369081	-84202.00
369175	-86980.00