163638	8388607.00
163639	8388607.00
163671	8388607.00
163766	4661984.00
163860	34907.00
163955	-116217.00
164049	-117180.00
164145	-115153.00
164240	-113104.00
164334	-111420.00
164429	-108292.00
164524	-105683.00
164619	-104923.00
164714	-104547.00
164808	-104393.00
164903	-104054.00
164998	-104223.00
165093	-102123.00
165187	-97593.00
165282	-97639.00
165378	-95164.00
165472	-91142.00
165567	-97000.00
165661	-98467.00
165756	-97108.00
165851	-94202.00
165946	-93332.00
166041	-95460.00
166135	-94012.00
166231	-91868.00
166325	-93951.00
166420	-92509.00
166515	-92449.00
166609	-89347.00
166705	-88444.00
166799	-91258.00
166894	-93230.00
166988	-95286.00
167084	-93376.00
167179	-89304.00
167273	-89177.00
167368	-88508.00
167462	-88843.00
167558	-88588.00
167652	-84532.00
167747	-81756.00
167841	-81767.00
167937	-84870.00
168032	-88448.00
168126	-90562.00