360397	-8388608.00
360399	-8388608.00
360433	-8388608.00
360527	-4388053.00
360623	51412.00
360718	169594.00
360812	169935.00
360907	170401.00
361001	170872.00
361097	171352.00
361191	171726.00
361286	172195.00
361381	172798.00
361476	173802.00
361571	176496.00
361665	181230.00
361760	187432.00
361856	194645.00
361950	202159.00
362045	208709.00
362139	215264.00
362234	222176.00
362329	228291.00
362424	233640.00
362519	239268.00
362613	244767.00
362708	249912.00
362803	254665.00
362898	259332.00
362993	263253.00
363087	266031.00
363183	268035.00
363277	269712.00
363372	270938.00
363466	271922.00
363561	272895.00
363657	273591.00
363751	274042.00
363846	274364.00
363940	274700.00
364036	275001.00
364131	275201.00
364225	275300.00
364320	275460.00
364414	275626.00
364510	275749.00
364604	275865.00
364699	275909.00
364794	275980.00
364889	276117.00