277281	-8388608.00
277282	-8388608.00
277315	-8388608.00
277410	-4445271.00
277506	46429.00
277600	168991.00
277695	169221.00
277789	169668.00
277884	170240.00
277979	170637.00
278074	171063.00
278168	171666.00
278263	171697.00
278359	172475.00
278453	175963.00
278548	181608.00
278642	187727.00
278737	194199.00
278832	201148.00
278927	207958.00
279022	214960.00
279116	222207.00
279212	228873.00
279306	234461.00
279401	239629.00
279496	244675.00
279590	249633.00
279686	254295.00
279780	258913.00
279875	263010.00
279969	266097.00
280065	268256.00
280160	269820.00
280254	271043.00
280349	271986.00
280443	272778.00
280539	273368.00
280633	273804.00
280728	274213.00
280823	274511.00
280918	274753.00
281013	274984.00
281107	275193.00
281202	275346.00
281296	275543.00
281392	275685.00
281487	275748.00
281581	275816.00
281676	275952.00
281771	275979.00
