470804	8388607.00
470805	8388607.00
470840	8388607.00
470934	4668900.00
471029	314800.00
471123	184465.00
471219	176800.00
471313	172714.00
471408	170645.00
471503	169705.00
471598	169458.00
471693	169806.00
471787	170603.00
471882	171357.00
471976	171796.00
472072	171887.00
472167	172134.00
472261	172805.00
472356	173586.00
472451	174058.00
472546	174469.00
472640	174779.00
472735	174800.00
472830	174594.00
472925	174918.00
473020	175659.00
473114	-1.00
473176	176272.00
473209	175784.00
473304	175534.00
473399	175791.00
473493	176240.00
473588	-1.00
473656	176683.00
473683	176602.00
473778	176148.00
473873	175985.00
473967	175458.00
474062	175760.00
474157	175838.00
474252	176090.00
474346	176210.00
474441	176583.00
474536	176884.00
474631	176777.00
474726	176652.00
474820	175925.00
474915	174312.00
475010	-1.00
475076	174721.00