92344	8388607.00
92345	8388607.00
92378	8388607.00
92472	4687777.00
92567	148347.00
92661	709.00
92756	-2254.00
92852	-483.00
92946	1974.00
93041	4555.00
93135	5561.00
93231	5693.00
93325	6465.00
93420	6055.00
93515	6479.00
93609	9581.00
93705	10758.00
93799	11758.00
93894	12713.00
93989	7816.00
94084	7336.00
94179	10472.00
94273	10992.00
94368	12573.00
94462	14005.00
94558	13648.00
94653	11363.00
94747	9748.00
94842	9668.00
94937	9685.00
95032	10446.00
95126	12518.00
95221	14542.00
95316	14506.00
95411	13260.00
95506	13907.00
95600	12393.00
95695	9812.00
95790	10144.00
95885	12018.00
95980	14291.00
96074	17023.00
96169	13435.00
96264	10238.00
96359	13689.00
96453	15752.00
96548	15782.00
96644	15189.00
96738	15810.00
96833	16607.00