130836	8388607.00
130837	8388607.00
130870	8388607.00
130964	4769490.00
131059	321753.00
131154	183779.00
131249	176320.00
131344	172591.00
131438	170753.00
131533	169944.00
131628	169814.00
131723	170497.00
131817	171385.00
131912	171871.00
132007	172084.00
132102	172544.00
132197	173194.00
132291	173823.00
132386	174527.00
132481	174616.00
132576	171701.00
132671	170109.00
132765	172879.00
132860	174768.00
132955	175319.00
133050	175743.00
133144	176106.00
133239	176502.00
133335	175808.00
133429	175244.00
133524	175866.00
133618	176706.00
133713	177264.00
133808	177073.00
133903	-1.00
133980	176805.00
133998	176386.00
134092	176403.00
134188	-1.00
134220	176849.00
134282	176608.00
134377	176052.00
134471	176063.00
134566	176517.00
134661	176390.00
134756	176580.00
134851	176509.00
134945	176295.00
135041	177051.00
135135	178280.00