429315	-8388608.00
429317	-8388608.00
429349	-8388608.00
429445	-4529562.00
429539	-99616.00
429634	2026.00
429728	-852.00
429824	-108.00
429918	648.00
430013	-1.00
430045	1712.00
430107	3514.00
430202	6195.00
430298	7437.00
430392	7018.00
430487	-1.00
430544	7978.00
430581	8513.00
430676	-1.00
430725	7956.00
430771	8130.00
430866	8097.00
430961	9929.00
431055	12920.00
431151	11841.00
431245	10672.00
431340	11437.00
431434	11555.00
431529	12085.00
431625	14046.00
431719	15429.00
431814	12765.00
431908	7493.00
432004	4484.00
432098	4152.00
432193	5163.00
432287	8686.00
432382	10303.00
432478	12162.00
432572	12824.00
432667	11489.00
432761	9991.00
432857	8989.00
432951	10623.00
433046	13729.00
433141	14640.00
433235	15750.00
433331	16583.00
433425	17519.00
433520	17256.00