28753	8388607.00
28755	8388607.00
28792	8388607.00
28888	4301863.00
28982	286896.00
29077	185042.00
29171	178165.00
29266	174532.00
29362	-1.00
29449	172871.00
29456	172221.00
29551	172168.00
29645	172359.00
29741	172381.00
29835	169921.00
29930	168346.00
30024	170576.00
30119	172389.00
30214	173561.00
30309	174400.00
30403	174950.00
30498	174913.0
30593	174954.00
30688	175292.00
30782	175611.00
30877	176520.00
30971	176907.00
31067	-1.00
31119	176287.00
31162	175964.00
31256	176345.00
31351	177197.00
31446	177794.00
31541	177949.00
31635	175858.00
31730	174775.00
31824	176870.00
31920	178037.00
32014	178420.00
32109	178743.00
32203	178766.00
32299	179348.00
32393	179654.00
32488	179448.00
32582	178728.00
32677	177659.00
32772	177590.00
32867	178832.00
32961	178999.00
33056	179150.00