282190	8388607.00
282191	8388607.00
282224	8388607.00
282318	4703707.00
282414	-1.00
282491	143382.00
282508	-3642.00
282603	-6302.00
282697	-5490.00
282792	-3558.00
282887	-1271.00
282982	31.00
283077	862.00
283171	760.00
283267	816.00
283361	739.00
283456	1338.00
283551	4187.00
283645	6732.00
283741	8808.00
283835	9957.00
283930	9552.00
284024	9118.00
284120	8747.00
284215	7285.00
284309	4791.00
284404	-1.00
284472	-1.00
284491	6430.00
284498	7223.00
284594	8507.00
284688	10198.00
284783	10295.00
284878	10775.00
284973	8390.00
285068	8784.00
285162	8784.00
285257	8269.00
285352	7864.00
285447	5899.00
285542	4872.00
285636	4220.00
285731	7035.00
285826	8310.00
285921	7520.00
286016	8377.00
286110	9150.00
286205	9776.00
286300	10790.00
286395	12158.00
