15955	-8388608.00
15956	-8388608.00
15989	-8388608.00
16084	-4592376.00
16180	-119371.00
16274	-10926.00
16369	-13103.00
16463	-11725.00
16559	-10726.00
16653	-14154.00
16748	-13008.00
16842	-6762.00
16937	-2592.00
17032	11.00
17127	12.00
17221	-1142.00
17316	-654.00
17412	2253.00
17506	3932.00
17601	4939.00
17695	6477.00
17790	5782.00
17885	6199.00
17980	6064.00
18074	5608.00
18169	4723.00
18265	1551.00
18359	478.00
18454	1930.00
18548	1138.00
18643	-266.00
18738	801.00
18833	4600.00
18927	5963.00
19022	6085.00
19117	3489.00
19212	3953.00
19307	5599.00
19401	5383.00
19496	2596.00
19591	2554.00
19686	4382.00
19780	6365.00
19875	5452.00
19970	3489.00
20065	4231.00
20160	6361.00
20254	7184.00
20349	7105.00
20444	6914.00