196526	-8388608.00
196528	-8388608.00
196560	-8388608.00
196656	-4428673.00
196750	47901.00
196845	169405.00
196940	169761.00
197035	170140.00
197130	170595.00
197224	171280.00
197319	171753.00
197413	172007.00
197509	172604.00
197604	173231.00
197698	173210.00
197793	173764.00
197888	174536.00
197983	174685.00
198077	174557.00
198172	173794.00
198267	173926.00
198362	175045.00
198457	183011.00
198551	208698.00
198646	231615.00
198740	245853.00
198836	254952.00
198931	260651.00
199025	264109.00
199120	266730.00
199215	268636.00
199310	269829.00
199404	270770.00
199499	271740.00
199595	272550.00
199689	273199.00
199784	273816.00
199878	274192.00
199973	274528.00
200068	274823.00
200163	275053.00
200258	275210.00
200352	275346.00
200448	275492.00
200542	275667.00
200637	275747.00
200732	275811.00
200826	275833.00
200922	275887.00
201016	275848.00
