650685	-8388608.00
650686	-8388608.00
650720	-8388608.00
650815	-4385198.00
650909	-1.00
650957	79039.00
651004	184577.00
651099	176765.00
651194	169431.00
651288	-1.00
651337	165629.00
651383	167241.00
651478	168677.00
651573	-1.00
651637	169833.00
651668	170776.00
651762	171544.00
651857	171835.00
651952	172014.00
652047	172608.00
652141	173260.00
652236	174135.00
652331	175182.00
652426	175568.00
652520	175631.00
652615	175535.00
652710	176036.00
652805	176936.00
652900	177332.00
652994	176340.00
653089	175103.00
653184	174543.00
653279	174900.00
653373	175086.00
653468	175249.00
653563	175729.00
653658	175678.00
653753	175977.00
653847	175819.00
653942	176079.00
654036	176566.00
654132	176522.00
654226	176402.00
654321	175662.00
654416	175260.00
654511	175806.00
654606	-1.00
654639	175507.00
654700	174776.00
654795	-1.00
