188261	-8388608.00
188262	-8388608.00
188295	-8388608.00
188389	-4593727.00
188484	-101008.00
188578	4763.00
188674	1800.00
188768	3521.00
188863	5261.00
188957	6890.00
189052	9316.00
189148	12380.00
189242	14174.00
189337	14885.00
189431	17084.00
189527	17258.00
189621	15988.00
189716	15194.00
189810	15322.00
189905	15883.00
190001	17694.00
190095	19513.00
190190	21389.00
190284	21562.00
190380	19890.00
190474	21134.00
190569	23196.00
190663	23040.00
190758	22165.00
190854	23076.00
190948	23266.00
191043	22897.00
191137	21995.00
191233	20699.00
191327	19219.00
191422	18803.00
191516	17712.00
191611	18263.00
191707	20910.00
191801	21178.00
191896	21494.00
191990	18783.00
192086	17264.00
192180	17496.00
192275	17484.00
192369	17474.00
192464	18415.00
192560	20405.00
192654	21140.00
192749	21851.00