55155	275937.00
55250	275917.00
55345	275909.00
55440	275262.00
55534	272605.00
55629	263536.00
55725	234754.00
55819	201285.00
55914	182441.00
56008	173886.00
56103	170038.00
56198	168089.00
56293	167243.00
56388	166860.00
56482	167091.00
56578	167469.00
56672	167691.00
56767	167978.00
56861	168355.00
56956	168597.00
57052	169266.00
57146	170223.00
57241	167813.00
57335	166695.00
57431	169370.00
57525	171478.00
57620	172938.00
57715	172955.00
57809	173161.00
57905	173389.00
57999	173262.00
58094	173712.00
58189	173959.00
58284	173976.00
58379	174267.00
58473	174213.00
58568	173964.00
58662	173709.00
58758	173757.00
58853	174202.00
58947	174106.00
59042	174473.00
59137	175363.00
59232	174869.00
59326	174907.00
59421	172241.00
59516	170119.00
59611	172913.00
59706	174859.00
59800	175122.00