119655	8388607.00
119656	8388607.00
119689	8388607.00
119784	4705141.00
119878	290430.00
119973	169471.00
120068	169840.00
120163	170140.00
120258	170728.00
120352	171263.00
120448	171716.00
120542	171918.00
120637	172213.00
120732	173329.00
120826	176728.00
120922	182170.00
121016	188245.00
121111	194928.00
121205	201894.00
121300	208663.00
121396	215743.00
121490	222675.00
121585	228888.00
121679	234382.00
121775	239748.00
121870	245155.00
121964	250133.00
122059	254647.00
122153	259439.00
122249	263491.00
122343	266336.00
122438	268404.00
122533	270054.00
122628	271274.00
122723	272170.00
122817	272920.00
122912	273497.00
123008	273971.00
123102	274299.00
123197	274510.00
123291	274774.00
123386	274990.00
123481	275161.00
123576	275310.00
123671	275417.00
123765	275495.00
123860	275600.00
123955	275687.00
124050	275690.00
124144	275733.00