16717	-8388608.00
16718	-8388608.00
16751	-8388608.00
16845	-4521859.00
16941	39909.00
17035	168715.00
17130	168968.00
17224	169256.00
17319	169703.00
17414	170211.00
17509	170827.00
17604	171540.00
17698	171871.00
17794	172560.00
17888	174109.00
17983	178332.00
18077	184845.00
18172	191540.00
18267	198711.00
18362	206232.00
18457	213142.00
18551	219626.00
18647	225771.00
18741	231634.00
18836	237301.00
18930	243021.00
19025	248355.00
19120	253173.00
19215	257862.00
19310	262182.00
19404	265433.00
19500	267531.00
19594	269201.00
19689	270588.00
19783	271653.00
19878	272513.00
19974	273164.00
20068	273688.00
20163	274093.00
20257	274376.00
20353	274722.00
20447	274978.00
20542	275140.00
20636	275303.00
20731	275399.00
20827	275522.00
20921	275632.00
21016	275720.00
21110	275749.00
21206	275856.00