node_id	x	y
0	6.2216569	49.0882901
1	6.2306246	49.0923188
2	6.2361666	49.1028146
3	6.2216652	49.0881911
4	6.2337142	49.0964256
5	6.2346431	49.1178897
6	6.2320368	49.0940288
7	6.1730216	49.1204524
8	6.1746153	49.1217954
9	6.2242047	49.1209383
10	6.2212819	49.1212801
11	6.2078847	49.1165059
12	6.2213218	49.1186952
13	6.1947063	49.1155047
14	6.1883601	49.1180914
15	6.18833	49.1189137
16	6.1877714	49.1192708
17	6.1853267	49.1200087
18	6.1841645	49.1200602
19	6.1836156	49.1194163
20	6.1848381	49.1165284
21	6.1770017	49.1116769
22	6.173032	49.1117608
23	6.1709184	49.1118585
24	6.1664261	49.1087611
25	6.1692561	49.1078936
26	6.1709022	49.1117285
27	6.1787039	49.1115619
28	6.1802126	49.1116818
29	6.1804787	49.1117797
30	6.1831094	49.1130022
31	6.1847508	49.1144455
32	6.1852015	49.1171187
33	6.1855197	49.1173097
34	6.187578	49.1173477
35	6.1757672	49.1341448
36	6.1847288	49.143766
37	6.2118553	49.1182806
38	6.2139567	49.1171515
39	6.2162644	49.1153194
40	6.2164614	49.1151265
41	6.216727	49.114862
42	6.2213292	49.1071793
43	6.2214289	49.1070669
44	6.2314349	49.1062433
45	6.2313954	49.1067479
46	6.2315404	49.1073439
47	6.231717	49.107437
48	6.2367357	49.1078328
49	6.2361953	49.1084739
50	6.2347431	49.1074445
51	6.2471666	49.1180385
52	6.2353407	49.1066484
53	6.2364629	49.1067147
54	6.2368169	49.1073771
55	6.2139528	49.1191176
56	6.1875841	49.1249485
57	6.182436	49.1310105
58	6.2303766	49.1190694
59	6.2340358	49.1191743
60	6.2381923	49.1194289
61	6.2252751	49.120239
62	6.2483919	49.1082771
63	6.193696	49.1119312
64	6.1937551	49.1156068
65	6.1652738	49.1111493
66	6.1665233	49.1126419
67	6.1609012	49.0983416
68	6.1626805	49.1004876
69	6.1674906	49.1060226
70	6.1575367	49.0992174
71	6.1638198	49.1001226
72	6.1682851	49.1064427
73	6.1694591	49.1078449
74	6.1769692	49.1114502
75	6.1713583	49.1070216
76	6.1738274	49.1057914
77	6.1741522	49.1054599
78	6.1744733	49.1054448
79	6.1720342	49.1068735
80	6.1828976	49.11052
81	6.1839684	49.1130989
82	6.1872531	49.1116595
83	6.1908975	49.1114945
84	6.2019016	49.1108651
85	6.210355	49.1050297
86	6.2119246	49.1032065
87	6.2259874	49.0902716
88	6.2274092	49.089432
89	6.2276453	49.0893477
90	6.2129786	49.1024364
91	6.2311539	49.1078276
92	6.2310157	49.1077345
93	6.231239	49.107337
94	6.2343678	49.1193216
95	6.2290388	49.0935345
96	6.1824906	49.1239681
97	6.1822326	49.1242723
98	6.1837111	49.1207948
99	6.1831033	49.1219413
100	6.1829202	49.1225627
101	6.1852312	49.1173659
102	6.1807035	49.12526
103	6.2119599	49.1182582
104	6.213636	49.1173587
105	6.2266299	49.090135
106	6.2271775	49.0898166
107	6.2348391	49.0939454
108	6.243951	49.0946402
109	6.1848419	49.0712793
110	6.1841606	49.0755154
111	6.1816879	49.0903303
112	6.1805336	49.0987091
113	6.1801803	49.1003342
114	6.2046501	49.1156836
115	6.2047066	49.116342
116	6.204019	49.1181643
117	6.2036563	49.1188939
118	6.2032708	49.1203255
119	6.2117051	49.1203101
120	6.2159953	49.1201401
121	6.222351	49.1198123
122	6.2155032	49.1221848
123	6.1901153	49.1263828
124	6.188565	49.1271973
125	6.2166414	49.1260968
126	6.2145551	49.1348072
127	6.2066144	49.1210691
128	6.1657352	49.1299069
129	6.1682454	49.1266233
130	6.1657462	49.1238262
131	6.165313	49.1236901
132	6.1653969	49.1235779
133	6.1672907	49.1219871
134	6.167599	49.1207744
135	6.1710201	49.1193117
136	6.1579251	49.1276365
137	6.1528974	49.1303927
138	6.1524726	49.1306147
139	6.1566892	49.1277951
140	6.1589115	49.1268696
141	6.1726675	49.1360144
142	6.1552858	49.1336789
143	6.157031	49.1323931
144	6.1643575	49.1061504
145	6.1642602	49.1062204
146	6.1593281	49.1254106
147	6.1594271	49.1266302
148	6.1599009	49.1267919
149	6.1619928	49.1265344
150	6.1622722	49.1261911
151	6.1614795	49.1260551
152	6.1725856	49.1208472
153	6.1697293	49.1220369
154	6.1680757	49.1203964
155	6.1750211	49.1212002
156	6.1817549	49.1244506
157	6.182707	49.1225324
158	6.1805515	49.1251667
159	6.1882068	49.1270563
160	6.1873719	49.1261147
161	6.1691281	49.1016046
162	6.1697427	49.0975018
163	6.1768878	49.0918092
164	6.171172	49.103278
165	6.1719498	49.104213
166	6.1738787	49.1053944
167	6.184623	49.1004848
168	6.1923551	49.1011586
169	6.1933988	49.1014348
170	6.2006105	49.1017243
171	6.2033918	49.1062698
172	6.2053571	49.1083899
173	6.2259635	49.1199324
174	6.2327216	49.1146367
175	6.2473912	49.1149623
176	6.2437011	49.1148873
177	6.2435633	49.1173695
178	6.2472292	49.1174441
179	6.1830801	49.0830042
180	6.1857467	49.0811591
181	6.1913315	49.0782415
182	6.1935168	49.0773314
183	6.1625635	49.1277154
184	6.1684892	49.1306999
185	6.1762125	49.1361196
186	6.1757568	49.1347412
187	6.1729432	49.1327835
188	6.1654349	49.1301396
189	6.159624	49.1270394
190	6.1625859	49.1267651
191	6.1604493	49.1287701
192	6.1538915	49.1328591
193	6.1474333	49.136287
194	6.1457616	49.1371528
195	6.1437475	49.1368728
196	6.1662508	49.1400702
197	6.1700479	49.1345144
198	6.1764778	49.1343685
199	6.1741967	49.1278114
200	6.1722245	49.1308748
201	6.1712431	49.1318741
202	6.1730541	49.1096678
203	6.1740738	49.1086704
204	6.1786561	49.1117349
205	6.178481	49.1122794
206	6.1782513	49.1135582
207	6.1794151	49.113645
208	6.1789635	49.1178906
209	6.1757048	49.1193231
210	6.1724039	49.1139124
211	6.1733167	49.1134422
212	6.1738625	49.1131745
213	6.1760391	49.1116944
214	6.1729358	49.13335
215	6.1562343	49.1357339
216	6.1571932	49.1345281
217	6.1659168	49.1323147
218	6.177009	49.114359
219	6.1781227	49.1139771
220	6.1594495	49.1013736
221	6.1602595	49.1007924
222	6.1589083	49.0988739
223	6.2345314	49.1170487
224	6.2315797	49.1189604
225	6.2354467	49.1110276
226	6.2352262	49.1113625
227	6.1801125	49.1365007
228	6.1482193	49.1403012
229	6.1483608	49.1408625
230	6.1674938	49.1310167
231	6.2107482	49.1025872
232	6.2061081	49.1002468
233	6.1885542	49.1006685
234	6.1718539	49.1072884
235	6.1624962	49.1088329
236	6.1635127	49.1082902
237	6.1651964	49.105402
238	6.1642766	49.106023
239	6.1648672	49.1093998
240	6.1702883	49.107612
241	6.1715836	49.1082551
242	6.1716246	49.1089394
243	6.1710577	49.1085389
244	6.1880907	49.1174773
245	6.1882498	49.1175805
246	6.1719613	49.1105592
247	6.1697688	49.1132808
248	6.1697872	49.1182539
249	6.1716519	49.1173338
250	6.1667709	49.112815
251	6.1750006	49.1151571
252	6.18022	49.1087837
253	6.17892	49.1110105
254	6.1634365	49.108219
255	6.2095178	49.1054748
256	6.2087602	49.1049871
257	6.2097579	49.1020768
258	6.2032459	49.0983993
259	6.2034692	49.100973
260	6.2036439	49.1024458
261	6.2015498	49.1005797
262	6.1971228	49.1002572
263	6.1956501	49.0999441
264	6.1940645	49.0994978
265	6.1928365	49.0989543
266	6.1925507	49.098579
267	6.1942964	49.1005121
268	6.1942586	49.1015066
269	6.1910275	49.0994818
270	6.1911047	49.1008594
271	6.1907568	49.107229
272	6.1912891	49.1001263
273	6.1922164	49.0999621
274	6.1916685	49.1066979
275	6.1872993	49.1054484
276	6.1872771	49.1038428
277	6.1899079	49.1089681
278	6.1908932	49.1095861
279	6.1885588	49.1100526
280	6.177523	49.1005909
281	6.1782151	49.1047476
282	6.1753064	49.1006556
283	6.1687686	49.1002589
284	6.1695359	49.1002487
285	6.170047	49.1019371
286	6.1694545	49.1018153
287	6.1692447	49.1017391
288	6.1735779	49.1023801
289	6.1748787	49.1030595
290	6.1678691	49.1018353
291	6.1625656	49.1073859
292	6.1614752	49.1081112
293	6.1793628	49.1059374
294	6.1790296	49.1059014
295	6.174882	49.0933091
296	6.1732923	49.0926058
297	6.1799325	49.1017275
298	6.1775234	49.1015554
299	6.175019	49.1015711
300	6.1738205	49.1014845
301	6.1724834	49.1014603
302	6.1712964	49.1015053
303	6.1698972	49.1015602
304	6.178328	49.0975494
305	6.1725376	49.0947492
306	6.1640245	49.1292513
307	6.1713561	49.1317581
308	6.1673195	49.1199739
309	6.1968618	49.1171938
310	6.2017447	49.1185367
311	6.1643239	49.1078327
312	6.1656071	49.1090241
313	6.1665543	49.1074498
314	6.1827264	49.1199376
315	6.1822309	49.1194988
316	6.1771015	49.1123023
317	6.1751974	49.1122857
318	6.1734272	49.1123021
319	6.1771425	49.1126886
320	6.1785131	49.1126547
321	6.1740553	49.1100275
322	6.1663325	49.1062819
323	6.1685433	49.1057074
324	6.1657426	49.1069009
325	6.1780298	49.1043756
326	6.1777004	49.1033105
327	6.1796954	49.1034634
328	6.1797697	49.1029213
329	6.1702457	49.1065042
330	6.1784529	49.1191698
331	6.1779886	49.1196149
332	6.1777868	49.1210427
333	6.1790432	49.1205345
334	6.1799364	49.1215328
335	6.1790333	49.1220717
336	6.179292	49.1222067
337	6.1836187	49.1132948
338	6.1753716	49.1236446
339	6.1754277	49.1239612
340	6.1743027	49.1248429
341	6.1763869	49.1204224
342	6.1794888	49.1195926
343	6.1797176	49.1213298
344	6.1788701	49.1202129
345	6.1827605	49.1223728
346	6.180428	49.1221163
347	6.1799199	49.1231676
348	6.1821934	49.1240601
349	6.1796509	49.1179702
350	6.2031444	49.1139201
351	6.2276368	49.0961074
352	6.2116367	49.1037669
353	6.1967712	49.105769
354	6.2002331	49.1021471
355	6.1871212	49.1116843
356	6.1868354	49.1278122
357	6.1860941	49.1278784
358	6.18583	49.1281366
359	6.1869296	49.1286694
360	6.1760211	49.1338516
361	6.1795515	49.1177373
362	6.1799806	49.1178813
363	6.18314	49.1177076
364	6.1838052	49.1180601
365	6.1740812	49.1154879
366	6.1674943	49.1016874
367	6.1675108	49.1044626
368	6.1742098	49.1348669
369	6.1744975	49.1353768
370	6.212927	49.1134001
371	6.2163478	49.1146888
372	6.2166685	49.1152952
373	6.2166415	49.1151926
374	6.2167983	49.1149681
375	6.2165571	49.1153898
376	6.2163922	49.1153975
377	6.2168722	49.1154262
378	6.217041	49.1155107
379	6.2168241	49.1157774
380	6.2179137	49.1197492
381	6.2187761	49.1181935
382	6.2178363	49.1200386
383	6.2167441	49.1201128
384	6.2172619	49.1195187
385	6.1775937	49.1071858
386	6.1735784	49.1352599
387	6.2406222	49.1148153
388	6.1792074	49.1073236
389	6.1780916	49.1069032
390	6.1767141	49.1067254
391	6.1757591	49.1051824
392	6.1789312	49.1064138
393	6.1861428	49.128301
394	6.186637	49.1283232
395	6.1728658	49.1240329
396	6.1705008	49.1215577
397	6.1810554	49.1255226
398	6.1795166	49.1245127
399	6.1768528	49.126257
400	6.1762233	49.1256745
401	6.1686435	49.1209915
402	6.1699619	49.1211184
403	6.1692646	49.1206018
404	6.17811	49.1254328
405	6.1790661	49.1260569
406	6.1793881	49.1228973
407	6.1764267	49.1204896
408	6.1781822	49.1224035
409	6.177637	49.1218003
410	6.1773802	49.1221068
411	6.1765735	49.1200162
412	6.1762178	49.1202148
413	6.1799549	49.1224964
414	6.1801428	49.1229895
415	6.1792128	49.1224713
416	6.1708767	49.1213143
417	6.176259	49.1236593
418	6.1810379	49.12505
419	6.18008	49.1253686
420	6.1701313	49.1336766
421	6.1727402	49.1340461
422	6.1803846	49.1254361
423	6.1809582	49.1254227
424	6.1802905	49.125021
425	6.1795841	49.1257264
426	6.1783163	49.1183523
427	6.1797816	49.119403
428	6.1786759	49.1180047
429	6.2309723	49.1187999
430	6.231139	49.110119
431	6.2312612	49.1081964
432	6.2315039	49.1078564
433	6.2289358	49.1038225
434	6.2285935	49.1039031
435	6.2239076	49.1038097
436	6.2216292	49.0941932
437	6.2267677	49.1041643
438	6.2241097	49.1023016
439	6.2222377	49.106206
440	6.2173474	49.1005789
441	6.2161472	49.1000657
442	6.2177309	49.0979124
443	6.2145385	49.1048278
444	6.1664626	49.1447614
445	6.1532915	49.1400123
446	6.1687433	49.1139922
447	6.1702715	49.1137641
448	6.1724438	49.1117307
449	6.1722535	49.1113767
450	6.1727339	49.1114655
451	6.1720104	49.1117943
452	6.1717154	49.1123964
453	6.1746661	49.114616
454	6.1759381	49.1147886
455	6.1741468	49.1130431
456	6.1763797	49.1139727
457	6.1754422	49.1144313
458	6.1715326	49.1090113
459	6.1719293	49.1091723
460	6.1667932	49.109367
461	6.1697187	49.10853
462	6.164727	49.1105878
463	6.1658737	49.1099157
464	6.1673412	49.1103828
465	6.1706579	49.1104621
466	6.1672459	49.110186
467	6.175003	49.1091501
468	6.1800129	49.1116481
469	6.1798239	49.111447
470	6.1757301	49.1093562
471	6.1743317	49.1087971
472	6.1748148	49.1089556
473	6.1735229	49.1082875
474	6.1911785	49.1265855
475	6.200723	49.1211919
476	6.2016423	49.1210231
477	6.2031381	49.1237331
478	6.2068436	49.1254028
479	6.2087016	49.1273044
480	6.2067252	49.1242934
481	6.2099229	49.1345069
482	6.2118223	49.1326765
483	6.2151127	49.1344554
484	6.213081	49.132352
485	6.2169822	49.1331175
486	6.2151565	49.1356518
487	6.2091682	49.1306867
488	6.2088998	49.1300283
489	6.2093431	49.1309153
490	6.2083794	49.1302841
491	6.2080759	49.1300061
492	6.2076572	49.1299088
493	6.2098965	49.1299977
494	6.210859	49.1301854
495	6.2080635	49.129883
496	6.208791	49.1298659
497	6.2092596	49.1298987
498	6.2090534	49.1307392
499	6.2103671	49.1287255
500	6.210946	49.128655
501	6.2081591	49.1294333
502	6.2084453	49.1291046
503	6.2091511	49.1287557
504	6.2095988	49.128641
505	6.2153227	49.1296316
506	6.2156662	49.1306123
507	6.2076067	49.1298976
508	6.2077166	49.1293309
509	6.2081057	49.1289037
510	6.20895	49.1284774
511	6.2095172	49.1283448
512	6.2109812	49.1283336
513	6.2119883	49.1284289
514	6.2133776	49.1286651
515	6.2155817	49.1293612
516	6.2160784	49.1295717
517	6.2089471	49.1306741
518	6.2086302	49.1308732
519	6.208029	49.1304826
520	6.2103205	49.1286189
521	6.2118965	49.1287435
522	6.2132385	49.128959
523	6.2158116	49.1298321
524	6.2099745	49.1273206
525	6.2186106	49.129768
526	6.2114578	49.1274233
527	6.2118498	49.1263606
528	6.2182828	49.1282815
529	6.2121689	49.1274853
530	6.21236	49.1267363
531	6.2123189	49.1266765
532	6.2116742	49.1262561
533	6.2058539	49.1230938
534	6.2166536	49.1257055
535	6.216595	49.1256744
536	6.2159482	49.1256017
537	6.2170432	49.1257342
538	6.2174784	49.1257783
539	6.2175274	49.1255813
540	6.21791	49.1255009
541	6.2200626	49.1259645
542	6.2205476	49.1249767
543	6.2259672	49.1280038
544	6.2253079	49.1289765
545	6.2252793	49.1294017
546	6.2252626	49.1291595
547	6.2166508	49.1247655
548	6.2166438	49.1249703
549	6.2214744	49.1252179
550	6.2231993	49.1254853
551	6.2236632	49.1252583
552	6.2256794	49.1227903
553	6.2217917	49.1254861
554	6.2288021	49.1237003
555	6.2254646	49.1199154
556	6.2197711	49.1217136
557	6.221027	49.1218497
558	6.2226357	49.1236436
559	6.2243474	49.1245448
560	6.2232638	49.1239952
561	6.2238865	49.1250219
562	6.2209753	49.1230571
563	6.2203006	49.1229804
564	6.2199202	49.122579
565	6.2188267	49.1225333
566	6.2200339	49.1230588
567	6.220451	49.1235362
568	6.2214463	49.1229394
569	6.2217179	49.1223199
570	6.2205497	49.1220956
571	6.2207987	49.1224537
572	6.2184169	49.1218899
573	6.2175142	49.1236917
574	6.2186432	49.1222249
575	6.2169273	49.1225412
576	6.2166587	49.1224608
577	6.2179365	49.122351
578	6.2180887	49.1227205
579	6.2186008	49.122794
580	6.2192098	49.1229458
581	6.2179966	49.123289
582	6.2174963	49.1230306
583	6.2174704	49.1247523
584	6.2196057	49.1247299
585	6.2175458	49.1239963
586	6.2253034	49.1218022
587	6.2260354	49.1220022
588	6.2271559	49.1222202
589	6.2284476	49.1225555
590	6.2266763	49.1230605
591	6.2273657	49.1218614
592	6.224492	49.1217386
593	6.2244227	49.1214047
594	6.2241334	49.1214345
595	6.2256681	49.1215431
596	6.2246127	49.121383
597	6.2238657	49.1220125
598	6.2252543	49.1235744
599	6.2251479	49.1237119
600	6.2269286	49.1243243
601	6.2270336	49.1241976
602	6.2261919	49.1240715
603	6.2262956	49.1239419
604	6.2277143	49.1233505
605	6.2241398	49.1247679
606	6.2280249	49.1259453
607	6.2272422	49.1239482
608	6.2271608	49.126532
609	6.2276162	49.1267844
610	6.2158032	49.120949
611	6.216283	49.1210722
612	6.2164099	49.1211108
613	6.2169781	49.1209914
614	6.2173606	49.1211415
615	6.2164318	49.1206517
616	6.2162856	49.1216389
617	6.2172397	49.1215672
618	6.2167014	49.1208356
619	6.2036097	49.1207827
620	6.2044601	49.1221178
621	6.2124134	49.1222564
622	6.2151071	49.1222316
623	6.2154477	49.1223979
624	6.211415	49.1218439
625	6.2349214	49.1192167
626	6.1863659	49.1133221
627	6.1913767	49.1156041
628	6.1880397	49.1171395
629	6.1905336	49.1157042
630	6.1884069	49.1207801
631	6.1884823	49.119323
632	6.1886022	49.1190429
633	6.1897353	49.1179415
634	6.1903279	49.1197491
635	6.1903943	49.119869
636	6.1932447	49.1201174
637	6.1937959	49.1199053
638	6.1889136	49.1188104
639	6.1861589	49.1173167
640	6.1820879	49.1194439
641	6.179699	49.1180389
642	6.1799808	49.1179124
643	6.1803969	49.1179342
644	6.1810861	49.118632
645	6.1824902	49.1190307
646	6.1807765	49.1189635
647	6.1808195	49.1180357
648	6.1808282	49.1184722
649	6.1809157	49.1183852
650	6.1826385	49.1187128
651	6.1828304	49.118654
652	6.1810126	49.1182126
653	6.1814693	49.1181665
654	6.1813215	49.1178157
655	6.1819929	49.118569
656	6.1817249	49.1177683
657	6.1834085	49.1168922
658	6.1832333	49.1160766
659	6.1846243	49.1144991
660	6.1822169	49.1155504
661	6.1822158	49.1145126
662	6.1836819	49.114164
663	6.183024	49.1147228
664	6.1809805	49.1157451
665	6.1849957	49.1170496
666	6.1789793	49.1156955
667	6.1793232	49.1142348
668	6.1801076	49.1168755
669	6.183005	49.11626
670	6.1827904	49.1149616
671	6.1839916	49.1160013
672	6.184761	49.1161233
673	6.1831902	49.1150882
674	6.1820263	49.1157465
675	6.1800322	49.1118903
676	6.1850039	49.1177793
677	6.1846739	49.1146914
678	6.1850462	49.1176192
679	6.1846318	49.1185377
680	6.1849306	49.1167949
681	6.1840487	49.1191178
682	6.1838341	49.1149483
683	6.183913	49.1152997
684	6.1826454	49.1165104
685	6.1799539	49.1178482
686	6.1809619	49.1174038
687	6.1795881	49.1128747
688	6.1812207	49.1145255
689	6.1740589	49.1055997
690	6.1745949	49.1055677
691	6.1745685	49.1056735
692	6.1758155	49.1052772
693	6.1769227	49.1050241
694	6.1768759	49.1049339
695	6.1724276	49.1047289
696	6.1740755	49.1055323
697	6.1721076	49.1051385
698	6.1710801	49.1043015
699	6.1736364	49.1041237
700	6.1737121	49.105327
701	6.1735461	49.1029092
702	6.1776538	49.1031384
703	6.175883	49.1042692
704	6.1761275	49.1030341
705	6.176007	49.1036212
706	6.1759844	49.1015837
707	6.1749683	49.1019361
708	6.1735522	49.1024768
709	6.1712184	49.1033575
710	6.1693925	49.1042541
711	6.1719487	49.103079
712	6.1735765	49.1034042
713	6.1719011	49.1030104
714	6.1729233	49.1007441
715	6.1730829	49.1003407
716	6.1732801	49.0989969
717	6.1713043	49.1002213
718	6.1717167	49.0982334
719	6.1742188	49.1004946
720	6.1743835	49.0993138
721	6.1712951	49.1008335
722	6.1760934	49.0998611
723	6.1761169	49.1004489
724	6.169748	49.0988616
725	6.1696933	49.0992322
726	6.1713636	49.0992986
727	6.1714	49.0989343
728	6.1705369	49.0988959
729	6.1703964	49.1002337
730	6.170496	49.0992587
731	6.1703912	49.0983075
732	6.1788073	49.0906906
733	6.1791693	49.0905686
734	6.1756597	49.0997892
735	6.1755871	49.0996809
736	6.1756943	49.0996118
737	6.1758168	49.0996284
738	6.1758704	49.0997286
739	6.1757927	49.0997909
740	6.177812	49.0975142
741	6.1768354	49.0927677
742	6.1765574	49.0947944
743	6.1756799	49.0963965
744	6.1721744	49.0973799
745	6.1742615	49.0976526
746	6.1744797	49.0978496
747	6.1745587	49.0978265
748	6.1744924	49.0980356
749	6.1747832	49.0979709
750	6.1703674	49.0964788
751	6.1722257	49.097091
752	6.1725179	49.0960636
753	6.1729403	49.0949581
754	6.1711276	49.0957506
755	6.1749575	49.0970593
756	6.1764963	49.0968237
757	6.1763544	49.0987039
758	6.1780337	49.0989044
759	6.1796685	49.0966711
760	6.1807302	49.0972613
761	6.1730952	49.0943761
762	6.1746658	49.0949551
763	6.1785024	49.1015934
764	6.1788115	49.1001895
765	6.1786416	49.1009578
766	6.1794829	49.1011244
767	6.1792037	49.0985858
768	6.1817598	49.1003703
769	6.1781195	49.0965879
770	6.1807115	49.0967466
771	6.1783169	49.0924568
772	6.1812073	49.0928269
773	6.1770823	49.095256
774	6.1767378	49.0940869
775	6.1808227	49.0948531
776	6.1778808	49.0942824
777	6.1790077	49.0945021
778	6.1780261	49.0936496
779	6.1809474	49.094205
780	6.1806703	49.0960294
781	6.1823647	49.095072
782	6.1808012	49.094983
783	6.1846438	49.093355
784	6.1824878	49.0908643
785	6.1815949	49.0907872
786	6.1817822	49.0937931
787	6.1843796	49.0939773
788	6.1829	49.0938708
789	6.1830171	49.0932138
790	6.1833347	49.0932406
791	6.1821083	49.0931386
792	6.1815502	49.0910392
793	6.1809431	49.0909917
794	6.1807808	49.0921583
795	6.1813108	49.0922887
796	6.180587	49.0927483
797	6.1788928	49.0925625
798	6.1806894	49.092323
799	6.1783884	49.092474
800	6.1786234	49.0918432
801	6.1767649	49.103086
802	6.177004	49.101569
803	6.1782823	49.1022194
804	6.1783904	49.1015879
805	6.2317364	49.1077349
806	6.1860557	49.1279401
807	6.1873177	49.1281971
808	6.1896395	49.1262145
809	6.1895727	49.1264086
810	6.1880303	49.1255692
811	6.188699	49.1271998
812	6.1946755	49.1166878
813	6.1949044	49.1199896
814	6.1901043	49.1261413
815	6.1922277	49.1255815
816	6.1937154	49.1247964
817	6.1918503	49.1252169
818	6.1924371	49.1247012
819	6.1934118	49.1247746
820	6.1939303	49.1217071
821	6.1938634	49.1242964
822	6.194206	49.1231597
823	6.1981981	49.122018
824	6.194432	49.1172555
825	6.1938087	49.116187
826	6.1944393	49.1165328
827	6.1895036	49.1165064
828	6.1898217	49.1175311
829	6.1898556	49.1223647
830	6.1833176	49.1240459
831	6.1837088	49.1240662
832	6.1659639	49.1200606
833	6.1662359	49.1203134
834	6.1661749	49.1199908
835	6.1659863	49.1200402
836	6.1664571	49.1186972
837	6.1592654	49.1252677
838	6.1384787	49.1351889
839	6.1725057	49.1242263
840	6.1888166	49.1102004
841	6.1897721	49.110043
842	6.1884088	49.1102848
843	6.1872108	49.1114659
844	6.1860562	49.1094373
845	6.1873368	49.1096635
846	6.1859869	49.1090436
847	6.1874669	49.1091923
848	6.1874486	49.1060912
849	6.1876814	49.1086057
850	6.1870643	49.1085414
851	6.1866518	49.1061875
852	6.187907	49.1072394
853	6.187067	49.1073802
854	6.1874761	49.106199
855	6.1892241	49.107306
856	6.1897719	49.1088913
857	6.1935808	49.1048011
858	6.194917	49.1023754
859	6.1926197	49.1087107
860	6.1941217	49.1073686
861	6.1907337	49.1043253
862	6.1950532	49.1052198
863	6.1955227	49.1053936
864	6.1940004	49.1078313
865	6.1967846	49.1088897
866	6.1950082	49.1015241
867	6.1965576	49.1029707
868	6.1965993	49.1015808
869	6.19648	49.1032279
870	6.1964581	49.1024988
871	6.1984976	49.104445
872	6.1962322	49.1036496
873	6.1947703	49.1032902
874	6.1949457	49.1029535
875	6.1985875	49.1034566
876	6.1983512	49.1016318
877	6.1967471	49.1025256
878	6.198338	49.1020693
879	6.1992746	49.102121
880	6.1993062	49.101656
881	6.2036245	49.1029263
882	6.203211	49.1031166
883	6.203389	49.1028532
884	6.2035841	49.1031402
885	6.2032554	49.1031468
886	6.2032123	49.102918
887	6.2034991	49.1031737
888	6.2028849	49.1031219
889	6.1999195	49.1045963
890	6.1991597	49.1047681
891	6.2084003	49.1029253
892	6.1904626	49.1304763
893	6.1925264	49.1323715
894	6.1947876	49.1332931
895	6.1930459	49.1317113
896	6.196673	49.1351988
897	6.1647227	49.123572
898	6.164392	49.12494
899	6.167432	49.1271911
900	6.1648458	49.1253379
901	6.1663195	49.12639
902	6.1672283	49.1258548
903	6.1669405	49.1275708
904	6.1674557	49.1272716
905	6.1688251	49.1282526
906	6.1657332	49.1267044
907	6.1683351	49.1285855
908	6.1697908	49.1275994
909	6.1655658	49.1129191
910	6.1682347	49.1123024
911	6.1683812	49.1121248
912	6.1684509	49.1126141
913	6.2297452	49.126314
914	6.1834273	49.0829773
915	6.1830075	49.0833517
916	6.1840675	49.0792474
917	6.1837871	49.0781045
918	6.1872094	49.0797855
919	6.1872214	49.0799915
920	6.1849738	49.0791579
921	6.1845234	49.0786058
922	6.1839341	49.0787443
923	6.1844552	49.0781721
924	6.1844962	49.0782231
925	6.1846037	49.0781759
926	6.1847718	49.0781428
927	6.1848713	49.0782169
928	6.1889561	49.0773792
929	6.1921091	49.0763923
930	6.1924231	49.0762422
931	6.196259	49.0760063
932	6.1942882	49.0768887
933	6.1893431	49.0776232
934	6.1887035	49.0758465
935	6.187303	49.0775395
936	6.1872269	49.077121
937	6.1872749	49.0759197
938	6.186678	49.0771676
939	6.1860122	49.0752793
940	6.1874339	49.0759509
941	6.1924557	49.0767536
942	6.1925896	49.0769006
943	6.1922739	49.0768324
944	6.1936725	49.0761314
945	6.1940727	49.075291
946	6.1946266	49.075578
947	6.1970604	49.0774383
948	6.1950691	49.0770475
949	6.1991462	49.0761085
950	6.1985543	49.0761291
951	6.1966357	49.0769903
952	6.1958612	49.0766168
953	6.1964413	49.0773167
954	6.1903507	49.0815572
955	6.1910947	49.0807594
956	6.1951353	49.0781315
957	6.1891742	49.0789153
958	6.1915433	49.0805156
959	6.1900304	49.0795023
960	6.1901255	49.0802718
961	6.1903173	49.080352
962	6.193333	49.0791229
963	6.1921761	49.0779406
964	6.1927503	49.0785298
965	6.1940453	49.0776171
966	6.1953005	49.0753693
967	6.19636	49.0736412
968	6.1996485	49.0740139
969	6.1951818	49.0733435
970	6.1947962	49.0736881
971	6.1951098	49.074073
972	6.1941395	49.0743206
973	6.1926683	49.0744044
974	6.1910555	49.0739485
975	6.1947779	49.073553
976	6.1945555	49.0736518
977	6.1945295	49.0737912
978	6.1945215	49.0742313
979	6.1943566	49.0747927
980	6.1954591	49.0743678
981	6.1927921	49.0751116
982	6.1925066	49.0752062
983	6.1902802	49.0744288
984	6.192584	49.0752969
985	6.1934539	49.0747481
986	6.1936967	49.0738746
987	6.193166	49.074416
988	6.1928943	49.0740199
989	6.1929852	49.0737948
990	6.1931848	49.0737907
991	6.1878858	49.0726253
992	6.188272	49.0734132
993	6.1936476	49.0714708
994	6.1928516	49.0725481
995	6.1880242	49.0712159
996	6.1908349	49.0730275
997	6.1895774	49.0730133
998	6.1899429	49.0727414
999	6.1906283	49.0734832
1000	6.1903504	49.0731937
1001	6.1906383	49.0722265
1002	6.1916326	49.0735403
1003	6.1911476	49.0728979
1004	6.1924956	49.0729248
1005	6.1914759	49.0730863
1006	6.1912873	49.072856
1007	6.1897142	49.0755746
1008	6.190102	49.0760152
1009	6.1904098	49.0763935
1010	6.1908455	49.0768818
1011	6.1951869	49.0781321
1012	6.1950449	49.0728184
1013	6.1940251	49.0721499
1014	6.1933133	49.0719412
1015	6.1956921	49.0729124
1016	6.1951146	49.0729519
1017	6.1956865	49.0721652
1018	6.1960772	49.0723872
1019	6.1948087	49.0725057
1020	6.1956327	49.0722033
1021	6.1958377	49.07194
1022	6.1957562	49.0715156
1023	6.1949125	49.0718553
1024	6.1913769	49.0707409
1025	6.1902128	49.0705743
1026	6.1893484	49.0705698
1027	6.1872248	49.0712515
1028	6.1920444	49.0708815
1029	6.1915102	49.0716365
1030	6.1912289	49.0716723
1031	6.1904964	49.0717657
1032	6.1891775	49.0714469
1033	6.1903574	49.0712536
1034	6.1886139	49.070933
1035	6.1928967	49.0724697
1036	6.189909	49.0705308
1037	6.1911649	49.070045
1038	6.1890203	49.0696947
1039	6.1905561	49.0694593
1040	6.1913092	49.0695874
1041	6.1921479	49.069757
1042	6.1923942	49.0701649
1043	6.1923698	49.0709681
1044	6.1967044	49.0715586
1045	6.1924591	49.0694989
1046	6.1915818	49.0692355
1047	6.190611	49.0692324
1048	6.1879649	49.0692903
1049	6.1872759	49.0691713
1050	6.1860739	49.0695083
1051	6.1862969	49.0712675
1052	6.186741	49.0699309
1053	6.1873769	49.0703355
1054	6.1889265	49.0701994
1055	6.1870215	49.0748624
1056	6.1880421	49.0754226
1057	6.1890411	49.0739626
1058	6.1880322	49.0744119
1059	6.1878047	49.0742002
1060	6.1841821	49.0753794
1061	6.1820824	49.0753092
1062	6.1828427	49.0759893
1063	6.1824768	49.0760413
1064	6.1839014	49.0772765
1065	6.2340257	49.093811
1066	6.2340035	49.0939691
1067	6.2306325	49.119313
1068	6.1779566	49.1074009
1069	6.1755345	49.1224132
1070	6.1732765	49.1202282
1071	6.2146888	49.1047112
1072	6.2360128	49.1029612
1073	6.243797	49.1078589
1074	6.243836	49.1078405
1075	6.2442222	49.1079373
1076	6.2438469	49.1081446
1077	6.2438131	49.1081307
1078	6.244159	49.1081125
1079	6.2441156	49.1081359
1080	6.2446774	49.1080882
1081	6.2030789	49.1026709
1082	6.2040449	49.1031618
1083	6.2049358	49.1042091
1084	6.2047723	49.1031717
1085	6.2048485	49.1051472
1086	6.2120278	49.1028369
1087	6.2123728	49.1027607
1088	6.212793	49.1031295
1089	6.2085565	49.1039609
1090	6.2122373	49.1033629
1091	6.2125118	49.1033479
1092	6.2287729	49.0886982
1093	6.1718745	49.1093294
1094	6.1694685	49.1076523
1095	6.1694558	49.107909
1096	6.1693279	49.1078764
1097	6.1697533	49.1077745
1098	6.1698715	49.1078039
1099	6.1700882	49.1078782
1100	6.1683635	49.1059899
1101	6.1685416	49.1060504
1102	6.168617	49.1060416
1103	6.1685234	49.1059756
1104	6.1686095	49.1059695
1105	6.1669194	49.1067129
1106	6.1671761	49.1067919
1107	6.1679781	49.1062876
1108	6.1680972	49.1063463
1109	6.1682212	49.1061713
1110	6.1679128	49.1062542
1111	6.1679536	49.1064613
1112	6.1678334	49.106369
1113	6.1677411	49.1065614
1114	6.1681389	49.1066128
1115	6.168992	49.1060666
1116	6.1688373	49.1060205
1117	6.1703491	49.1063662
1118	6.1717884	49.1116597
1119	6.1803222	49.1119121
1120	6.2262453	49.1072623
1121	6.2310135	49.1074594
1122	6.2195917	49.1101116
1123	6.2240494	49.111075
1124	6.2309911	49.1094758
1125	6.2308391	49.1102987
1126	6.2334288	49.111486
1127	6.2320114	49.1116129
1128	6.2306252	49.1117171
1129	6.2332951	49.1131519
1130	6.2319675	49.1171636
1131	6.1809568	49.1074421
1132	6.2347199	49.107823
1133	6.2476259	49.108081
1134	6.2128503	49.1179694
1135	6.2160065	49.1198524
1136	6.2161274	49.1194269
1137	6.2074986	49.1162592
1138	6.214238	49.1168997
1139	6.2144615	49.116885
1140	6.2133671	49.1172125
1141	6.2136829	49.117417
1142	6.2140705	49.117155
1143	6.214234	49.1172155
1144	6.2169758	49.1180536
1145	6.1504091	49.1348503
1146	6.1523353	49.1349803
1147	6.1519408	49.1340333
1148	6.1520895	49.135756
1149	6.1594998	49.1268586
1150	6.1604199	49.1288768
1151	6.1599741	49.1292802
1152	6.1607283	49.129479
1153	6.1535915	49.134784
1154	6.153479	49.1348006
1155	6.1534948	49.1348487
1156	6.1536022	49.1348407
1157	6.1544999	49.1342903
1158	6.154144	49.1344765
1159	6.152692	49.1360148
1160	6.1529398	49.135188
1161	6.152764	49.135335
1162	6.1560548	49.1362769
1163	6.1594819	49.1318141
1164	6.1606392	49.1311334
1165	6.1560278	49.1363462
1166	6.1743453	49.1329526
1167	6.2312524	49.0865143
1168	6.2232062	49.0923874
1169	6.2275581	49.0897179
1170	6.2273726	49.0895926
1171	6.2232782	49.0926663
1172	6.2236762	49.0926259
1173	6.2264626	49.0904947
1174	6.1912239	49.0821781
1175	6.1818324	49.0882946
1176	6.1877238	49.0869437
1177	6.1857124	49.0893331
1178	6.1890398	49.0874153
1179	6.1862252	49.0903769
1180	6.1946312	49.0962651
1181	6.1887377	49.0994519
1182	6.1887934	49.0998036
1183	6.1890537	49.099671
1184	6.1958159	49.0982326
1185	6.1979261	49.0990858
1186	6.2018354	49.0987607
1187	6.2016192	49.09924
1188	6.2001173	49.0988806
1189	6.1990342	49.0989831
1190	6.2017325	49.1003275
1191	6.2006796	49.1005337
1192	6.1995452	49.1005003
1193	6.1969928	49.1015932
1194	6.2014595	49.1020311
1195	6.2026202	49.0990002
1196	6.202582	49.099011
1197	6.2027302	49.0990384
1198	6.2026767	49.0991231
1199	6.2025704	49.0991094
1200	6.2038985	49.1002761
1201	6.2051783	49.0998203
1202	6.2057552	49.1005593
1203	6.2034001	49.1008422
1204	6.2036822	49.1026246
1205	6.2067679	49.1014877
1206	6.2052037	49.1031436
1207	6.2079268	49.1029558
1208	6.1481752	49.135957
1209	6.146776	49.1366862
1210	6.1462408	49.1386043
1211	6.1460534	49.1387272
1212	6.1476974	49.1372732
1213	6.149502	49.1375373
1214	6.1471468	49.1380086
1215	6.147717	49.1389387
1216	6.1482433	49.138558
1217	6.1488248	49.1380773
1218	6.1507712	49.1387361
1219	6.1490597	49.140082
1220	6.1495297	49.1392152
1221	6.1511101	49.1395133
1222	6.1503159	49.1402259
1223	6.1535356	49.1389167
1224	6.15344	49.1394863
1225	6.1539022	49.1397977
1226	6.1682889	49.1331344
1227	6.1684574	49.1334463
1228	6.1674653	49.1328128
1229	6.2440492	49.1070876
1230	6.2440287	49.1075349
1231	6.2441032	49.1078402
1232	6.2477616	49.1076266
1233	6.2330067	49.0880166
1234	6.2340384	49.0921055
1235	6.2393082	49.0905386
1236	6.237727	49.0919852
1237	6.2389831	49.092073
1238	6.2372724	49.0923293
1239	6.2342661	49.0937985
1240	6.2341219	49.0934777
1241	6.2340368	49.093993
1242	6.2340722	49.0937891
1243	6.2343242	49.0938422
1244	6.2342904	49.0939855
1245	6.2342496	49.0940058
1246	6.2389446	49.0936014
1247	6.2394461	49.0931793
1248	6.2388651	49.094233
1249	6.2441401	49.089618
1250	6.2402909	49.0907988
1251	6.2410168	49.0906956
1252	6.2426502	49.0898691
1253	6.2427325	49.0905638
1254	6.2421566	49.0910016
1255	6.2407898	49.091551
1256	6.2406393	49.0922042
1257	6.2407762	49.0923463
1258	6.2414133	49.0923352
1259	6.2417943	49.0916375
1260	6.2420521	49.0911928
1261	6.2431076	49.0898892
1262	6.2447057	49.0899384
1263	6.2454844	49.0907436
1264	6.2447418	49.0906707
1265	6.2434648	49.0913202
1266	6.2430751	49.0916917
1267	6.2462209	49.0904624
1268	6.246493	49.0916985
1269	6.2468305	49.0914615
1270	6.2459979	49.0918348
1271	6.247543	49.091629
1272	6.2414704	49.0927845
1273	6.2410761	49.0930421
1274	6.2404414	49.0934576
1275	6.2418805	49.0930491
1276	6.2426201	49.0932606
1277	6.2435061	49.0931538
1278	6.2440829	49.0932588
1279	6.2449662	49.0942314
1280	6.2464371	49.0928256
1281	6.2469649	49.0925818
1282	6.2469945	49.092779
1283	6.2465006	49.0935857
1284	6.2460608	49.0931818
1285	6.2472089	49.0927875
1286	6.2481062	49.0924795
1287	6.248047	49.0926919
1288	6.2484468	49.0927879
1289	6.2474197	49.0933662
1290	6.2461157	49.0951365
1291	6.247784	49.0941148
1292	6.2488596	49.0937757
1293	6.2491094	49.0936986
1294	6.2489583	49.0938262
1295	6.2364862	49.1147345
1296	6.2403035	49.1177583
1297	6.2478401	49.1080865
1298	6.2436426	49.1159583
1299	6.2473381	49.1160424
1300	6.1961968	49.1086604
1301	6.1957026	49.1075358
1302	6.1949972	49.108212
1303	6.190321	49.1106858
1304	6.1884545	49.1114766
1305	6.1883902	49.1116984
1306	6.1912044	49.1094084
1307	6.1933262	49.1100395
1308	6.1926055	49.1105844
1309	6.1959019	49.1098563
1310	6.1952499	49.1096457
1311	6.1941687	49.1092575
1312	6.1946505	49.1114912
1313	6.1950968	49.1108328
1314	6.1923288	49.1134772
1315	6.1916239	49.1143213
1316	6.1942681	49.11205
1317	6.1960315	49.1132982
1318	6.1972502	49.1061167
1319	6.1966612	49.1058486
1320	6.1996195	49.1051852
1321	6.198793	49.1066131
1322	6.1989414	49.1115158
1323	6.1994984	49.1115515
1324	6.1985612	49.1128735
1325	6.1982596	49.1141194
1326	6.1963384	49.1139943
1327	6.1966365	49.1134172
1328	6.1983488	49.1137907
1329	6.1964388	49.1137379
1330	6.2001217	49.1121094
1331	6.1997241	49.1131183
1332	6.1993249	49.1142738
1333	6.1995233	49.1137109
1334	6.2016051	49.1141022
1335	6.2020418	49.1135579
1336	6.202169	49.1135947
1337	6.2009624	49.1145146
1338	6.2039644	49.1149707
1339	6.2039159	49.1149069
1340	6.200407	49.1127494
1341	6.2005979	49.1119345
1342	6.2009657	49.1133416
1343	6.200009	49.11318
1344	6.2020292	49.112539
1345	6.2033179	49.1123252
1346	6.2029033	49.1128011
1347	6.2039164	49.1125225
1348	6.2035528	49.1129938
1349	6.2022812	49.1135323
1350	6.2037418	49.1130534
1351	6.2046312	49.1133578
1352	6.2057203	49.1138801
1353	6.2065482	49.1135233
1354	6.2046076	49.1145387
1355	6.2476415	49.1100329
1356	6.2499928	49.1100882
1357	6.2474265	49.1142496
1358	6.2475326	49.1122497
1359	6.2492332	49.1122778
1360	6.2510175	49.114126
1361	6.2487241	49.11499
1362	6.250841	49.115844
1363	6.251426	49.1161293
1364	6.1934313	49.1003812
1365	6.1934498	49.1003285
1366	6.1923279	49.0999463
1367	6.1934125	49.1004361
1368	6.1922462	49.1000339
1369	6.1936251	49.1000405
1370	6.193395	49.1008351
1371	6.1959474	49.1015607
1372	6.1970518	49.1008091
1373	6.2063228	49.1051582
1374	6.2067	49.1051334
1375	6.1924534	49.142252
1376	6.1902352	49.1182213
1377	6.1901358	49.1190097
1378	6.1936582	49.1157496
1379	6.1953421	49.1167712
1380	6.1908524	49.1192638
1381	6.1962619	49.1195957
1382	6.190497	49.1199668
1383	6.1911453	49.1199115
1384	6.1959375	49.1213275
1385	6.1955808	49.121307
1386	6.1937322	49.122879
1387	6.1942801	49.1229169
1388	6.1937625	49.1227275
1389	6.1943274	49.1227701
1390	6.1949844	49.1229986
1391	6.2170444	49.107566
1392	6.2204101	49.1074317
1393	6.2210451	49.1077139
1394	6.1985246	49.1163907
1395	6.2011528	49.1168702
1396	6.1975183	49.1172286
1397	6.1967637	49.1179768
1398	6.1967011	49.1181741
1399	6.1967727	49.1181585
1400	6.1986594	49.1171582
1401	6.1971437	49.119181
1402	6.1977112	49.1192208
1403	6.1972639	49.118539
1404	6.198219	49.1187047
1405	6.198202	49.1188158
1406	6.1980637	49.119477
1407	6.1963471	49.1191284
1408	6.1963083	49.1193412
1409	6.1982367	49.1185894
1410	6.2009121	49.1175719
1411	6.2007916	49.1179666
1412	6.1993918	49.1193011
1413	6.2005627	49.1194395
1414	6.2026003	49.1169187
1415	6.2051203	49.1161978
1416	6.2047179	49.1166672
1417	6.2028697	49.1176032
1418	6.2044162	49.1174527
1419	6.2045277	49.1171897
1420	6.2039717	49.118253
1421	6.2054936	49.1178774
1422	6.2071204	49.1174029
1423	6.2059472	49.1172835
1424	6.2057829	49.1186211
1425	6.215113	49.1127617
1426	6.2161041	49.11212
1427	6.2172492	49.1125745
1428	6.2084642	49.117479
1429	6.2075079	49.1174743
1430	6.2080116	49.1181654
1431	6.2094203	49.1177169
1432	6.2100467	49.1180315
1433	6.2090047	49.11838
1434	6.2086363	49.1185804
1435	6.2098709	49.1185423
1436	6.2088158	49.119031
1437	6.2121318	49.1192319
1438	6.2121924	49.1188292
1439	6.211895	49.1188319
1440	6.2143781	49.1171702
1441	6.215501	49.1191505
1442	6.2144699	49.1186137
1443	6.2160524	49.1183532
1444	6.2163315	49.1189755
1445	6.217218	49.118591
1446	6.2170236	49.1185545
1447	6.1980929	49.1202025
1448	6.1971331	49.1219402
1449	6.1982451	49.1217291
1450	6.198263	49.1214328
1451	6.1980862	49.1214389
1452	6.2013259	49.1202293
1453	6.2002163	49.1202054
1454	6.1969148	49.1231379
1455	6.2032529	49.120239
1456	6.2131481	49.1202594
1457	6.2187354	49.1098949
1458	6.2191397	49.1188819
1459	6.2190953	49.1191148
1460	6.2190013	49.1199112
1461	6.2306488	49.1193167
1462	6.2302015	49.120058
1463	6.1728373	49.1337007
1464	6.1726601	49.1361045
1465	6.1710329	49.1368784
1466	6.1726267	49.1370362
1467	6.1728502	49.1370396
1468	6.1727994	49.1377459
1469	6.1725948	49.139922
1470	6.1720829	49.1426006
1471	6.1723013	49.1426164
1472	6.1718459	49.1447513
1473	6.1720712	49.1447659
1474	6.1715665	49.1473717
1475	6.1717829	49.1473818
1476	6.179898	49.1404887
1477	6.1793728	49.1431641
1478	6.1775296	49.1451861
1479	6.1616238	49.1392238
1480	6.1614066	49.139303
1481	6.1614592	49.1410773
1482	6.1665819	49.1351036
1483	6.1679352	49.1352438
1484	6.1676703	49.135911
1485	6.1675839	49.1361108
1486	6.1694652	49.1353886
1487	6.1649686	49.1373311
1488	6.1676903	49.1365134
1489	6.1674524	49.1364305
1490	6.1648833	49.1421226
1491	6.1639915	49.143569
1492	6.1653118	49.1439678
1493	6.1675086	49.1426564
1494	6.1678269	49.1426969
1495	6.166797	49.1437226
1496	6.1719932	49.1433537
1497	6.1722198	49.1433861
1498	6.1617554	49.1342655
1499	6.1616296	49.1343558
1500	6.1624353	49.1345638
1501	6.1620293	49.1344983
1502	6.16211	49.134404
1503	6.1626231	49.1360273
1504	6.1606086	49.1367572
1505	6.1627576	49.1371391
1506	6.1664525	49.131784
1507	6.1678822	49.1323677
1508	6.1653853	49.1346576
1509	6.16466	49.1342703
1510	6.1650319	49.1344786
1511	6.1641842	49.135481
1512	6.1691436	49.1358436
1513	6.1708288	49.1361128
1514	6.164825	49.1367195
1515	6.1576002	49.1339038
1516	6.1383443	49.129306
1517	6.1388346	49.1302213
1518	6.1392451	49.1302012
1519	6.1406001	49.130266
1520	6.1412698	49.1307502
1521	6.141904	49.1304284
1522	6.1427677	49.130589
1523	6.1400816	49.135613
1524	6.1434463	49.1321177
1525	6.1426656	49.1323833
1526	6.1427453	49.1329102
1527	6.1432953	49.1332273
1528	6.143013	49.1328127
1529	6.1444475	49.1318803
1530	6.1434153	49.1368982
1531	6.1439002	49.130432
1532	6.1453155	49.1292723
1533	6.1452719	49.1291054
1534	6.1447838	49.1299358
1535	6.1443348	49.1300276
1536	6.1443788	49.1301043
1537	6.1447025	49.1303057
1538	6.1454489	49.1300409
1539	6.1463756	49.1297358
1540	6.1472829	49.1294228
1541	6.1470415	49.1289643
1542	6.1494518	49.1292351
1543	6.1483734	49.129333
1544	6.1496856	49.1292746
1545	6.1480869	49.1305711
1546	6.1489413	49.1303302
1547	6.1498346	49.1290643
1548	6.1500627	49.129409
1549	6.1498107	49.1302008
1550	6.1497187	49.1297044
1551	6.1459039	49.1313437
1552	6.145643	49.1309926
1553	6.1491553	49.1317213
1554	6.1472514	49.1308624
1555	6.1472241	49.1330522
1556	6.1498627	49.131516
1557	6.1499939	49.131396
1558	6.1500812	49.1314229
1559	6.1505263	49.1312659
1560	6.1499824	49.1315829
1561	6.1520943	49.1310308
1562	6.1499504	49.1324436
1563	6.1481719	49.1344633
1564	6.1489222	49.135665
1565	6.1534772	49.1301161
1566	6.1531325	49.1305529
1567	6.1558014	49.1317697
1568	6.1548479	49.1323085
1569	6.1524108	49.1311603
1570	6.2250468	49.107807
1571	6.224645	49.1085664
1572	6.2253086	49.1075352
1573	6.2227024	49.1108903
1574	6.2227055	49.1091334
1575	6.2223658	49.1089057
1576	6.2224371	49.1137671
1577	6.2222676	49.1140477
1578	6.22283	49.1131169
1579	6.2237195	49.1133502
1580	6.2251464	49.1096434
1581	6.2248024	49.1096488
1582	6.2238935	49.1093442
1583	6.2265086	49.1092956
1584	6.2265702	49.1097389
1585	6.2266123	49.1099507
1586	6.2279945	49.1100824
1587	6.2278324	49.1109108
1588	6.2251666	49.1137304
1589	6.226032	49.1139559
1590	6.2245209	49.1135622
1591	6.227485	49.1143344
1592	6.2268416	49.1141668
1593	6.2226056	49.1157767
1594	6.2208461	49.1163244
1595	6.2210771	49.1160016
1596	6.2231346	49.1159154
1597	6.2247877	49.1143821
1598	6.2251937	49.1164551
1599	6.2261742	49.116712
1600	6.224153	49.1161823
1601	6.2270949	49.1149863
1602	6.2291549	49.1147745
1603	6.2283731	49.1145703
1604	6.2272069	49.1169827
1605	6.2282319	49.1172514
1606	6.2291941	49.1175019
1607	6.2310718	49.115577
1608	6.2316086	49.1146137
1609	6.2317684	49.1157575
1610	6.2308004	49.114597
1611	6.2303574	49.1153918
1612	6.2323993	49.1146301
1613	6.2326726	49.1159923
1614	6.230772	49.1179173
1615	6.2314127	49.1180747
1616	6.2302754	49.1177866
1617	6.1682913	49.1453096
1618	6.1717074	49.1459981
1619	6.1719349	49.1460069
1620	6.179096	49.1150203
1621	6.2071532	49.114352
1622	6.205742	49.115693
1623	6.2065541	49.1148203
1624	6.209948	49.1155956
1625	6.2081204	49.1157503
1626	6.2079667	49.1159806
1627	6.2091324	49.1157355
1628	6.2091809	49.1160907
1629	6.2237555	49.1095837
1630	6.2229814	49.1114732
1631	6.2224235	49.111574
1632	6.2226374	49.1113867
1633	6.2226106	49.1115981
1634	6.2220349	49.1107261
1635	6.2184197	49.1120298
1636	6.2207132	49.1126446
1637	6.2201244	49.114068
1638	6.220813	49.1139095
1639	6.21952	49.1139127
1640	6.222242	49.1120039
1641	6.2215307	49.1127532
1642	6.2220026	49.1128709
1643	6.222549	49.1120848
1644	6.2231359	49.1126105
1645	6.2214171	49.1131988
1646	6.2227199	49.1132992
1647	6.2225576	49.1132311
1648	6.2246771	49.1097461
1649	6.2207673	49.1153318
1650	6.2189502	49.115437
1651	6.2193399	49.117087
1652	6.2198313	49.1161094
1653	6.2231697	49.1148387
1654	6.2218963	49.1155908
1655	6.2213855	49.1154826
1656	6.221977	49.1145275
1657	6.1707806	49.1026636
1658	6.1705436	49.1034188
1659	6.2385622	49.0961698
1660	6.2383164	49.0969963
1661	6.2451162	49.0972719
1662	6.2446689	49.0978554
1663	6.2427028	49.0993138
1664	6.2423178	49.0991588
1665	6.2427915	49.0993065
1666	6.242615	49.0993815
1667	6.242894	49.0993491
1668	6.2427177	49.0995041
1669	6.2428716	49.099482
1670	6.2428699	49.099742
1671	6.2429521	49.1001824
1672	6.2431249	49.0990896
1673	6.2437022	49.0987353
1674	6.2434552	49.101686
1675	6.2445657	49.0964942
1676	6.249223	49.0945624
1677	6.2495663	49.0950381
1678	6.2471862	49.0955135
1679	6.2472538	49.0967455
1680	6.2488665	49.0951665
1681	6.2442592	49.0990418
1682	6.243646	49.1001216
1683	6.2447839	49.0993421
1684	6.2446933	49.1000403
1685	6.2444528	49.1015596
1686	6.2397846	49.0948347
1687	6.2387739	49.0947669
1688	6.2386251	49.0956593
1689	6.240093	49.0963101
1690	6.2394737	49.0957227
1691	6.2394423	49.0959619
1692	6.2396589	49.0957356
1693	6.239539	49.0962507
1694	6.239779	49.0978162
1695	6.2400934	49.0975527
1696	6.2401674	49.0947558
1697	6.2411639	49.0966557
1698	6.2435118	49.0972195
1699	6.2441102	49.0975615
1700	6.2416285	49.0987774
1701	6.2432872	49.0982547
1702	6.2002726	49.0988664
1703	6.2422948	49.1009545
1704	6.2414166	49.1033111
1705	6.2408811	49.1010907
1706	6.2410051	49.1017018
1707	6.2369663	49.1006058
1708	6.2374496	49.1013944
1709	6.2420634	49.1009895
1710	6.2370586	49.0997943
1711	6.2382762	49.0994305
1712	6.2424585	49.1039237
1713	6.2412463	49.0990917
1714	6.2377382	49.0985462
1715	6.2385577	49.0988446
1716	6.2407437	49.1003692
1717	6.2393885	49.0981492
1718	6.2410284	49.1030875
1719	6.2405437	49.0993397
1720	6.1618925	49.1259485
1721	6.1788321	49.1167493
1722	6.1798419	49.1163394
1723	6.1776727	49.113148
1724	6.1772372	49.1134286
1725	6.192975	49.0983508
1726	6.1940499	49.0964815
1727	6.1787352	49.1227715
1728	6.1822722	49.1242356
1729	6.1828137	49.1249524
1730	6.1822745	49.1239246
1731	6.1823808	49.1236205
1732	6.181969	49.1239865
1733	6.1798707	49.1167346
1734	6.1774477	49.134931
1735	6.165634	49.1251302
1736	6.1659715	49.1247758
1737	6.1663592	49.1246671
1738	6.1734376	49.1273108
1739	6.2328265	49.1173907
1740	6.218075	49.0975818
1741	6.1674884	49.1018576
1742	6.1668555	49.1004173
1743	6.1663658	49.0998544
1744	6.1649744	49.0999098
1745	6.1655024	49.1006856
1746	6.164445	49.0993064
1747	6.1634365	49.099664
1748	6.1648489	49.0997654
1749	6.162331	49.100056
1750	6.1628391	49.1027094
1751	6.1609258	49.1005648
1752	6.1605279	49.1020976
1753	6.163193	49.103134
1754	6.1619946	49.1017644
1755	6.1617877	49.1015359
1756	6.1632978	49.101217
1757	6.164249	49.1007901
1758	6.1794286	49.0916444
1759	6.1782296	49.0917677
1760	6.1808927	49.0916831
1761	6.182263	49.0923496
1762	6.2397667	49.1192387
1763	6.1880463	49.081847
1764	6.1894902	49.0819621
1765	6.1887824	49.0807114
1766	6.1859847	49.0825588
1767	6.1850278	49.0817098
1768	6.187993	49.0815313
1769	6.1883636	49.0811418
1770	6.1862772	49.0820138
1771	6.1843869	49.0822149
1772	6.1866195	49.0814273
1773	6.1899505	49.0813063
1774	6.182262	49.0829139
1775	6.1830524	49.0831354
1776	6.18462	49.0726469
1777	6.1818799	49.0730897
1778	6.1843119	49.0727469
1779	6.1843155	49.070942
1780	6.1817031	49.071427
1781	6.1838806	49.0717683
1782	6.1817855	49.0722023
1783	6.1845981	49.0728266
1784	6.181835	49.0752906
1785	6.1841251	49.0712621
1786	6.184142	49.0727717
1787	6.1828632	49.0745357
1788	6.1836616	49.0728432
1789	6.1806377	49.0753033
1790	6.1838003	49.071184
1791	6.1832743	49.0718968
1792	6.1801845	49.075285
1793	6.1819145	49.0733765
1794	6.1794572	49.0752633
1795	6.1810164	49.0730899
1796	6.2264577	49.1092011
1797	6.2261676	49.109227
1798	6.1769	49.0924073
1799	6.1755012	49.0973142
1800	6.1760223	49.0972527
1801	6.1676885	49.1016775
1802	6.1770277	49.0919159
1803	6.2110813	49.0882633
1804	6.2110794	49.0885354
1805	6.2215284	49.0953351
1806	6.2224281	49.0949679
1807	6.2207021	49.0947435
1808	6.2209934	49.0947986
1809	6.2216345	49.0928134
1810	6.221811	49.0950923
1811	6.1887894	49.1235803
1812	6.1622343	49.1286311
1813	6.1601367	49.1198126
1814	6.1832427	49.1193218
1815	6.1916912	49.1149939
1816	6.2072018	49.1123822
1817	6.2184342	49.1065868
1818	6.2172257	49.1070024
1819	6.2183124	49.1067581
1820	6.1614298	49.0989772
1821	6.1598987	49.1002833
1822	6.1614983	49.0990499
1823	6.1600772	49.0994136
1824	6.164155	49.104204
1825	6.1627131	49.0986995
1826	6.160539	49.1000872
1827	6.1651896	49.1035609
1828	6.167473	49.103198
1829	6.1688807	49.1032021
1830	6.164948	49.1037711
1831	6.167444	49.1084295
1832	6.2075924	49.1092934
1833	6.2078924	49.1089517
1834	6.1633946	49.1013309
1835	6.1738591	49.0919688
1836	6.1643546	49.1060822
1837	6.1820102	49.0973462
1838	6.1651535	49.1019634
1839	6.1758192	49.104688
1840	6.2223596	49.1060632
1841	6.1776245	49.1234638
1842	6.1786322	49.1242794
1843	6.1673657	49.1212484
1844	6.226221	49.1070838
1845	6.2273814	49.1092832
1846	6.2265472	49.1093356
1847	6.2263443	49.1075114
1848	6.2264618	49.1075087
1849	6.1798184	49.1025651
1850	6.1818248	49.0964959
1851	6.181802	49.0960152
1852	6.1848142	49.1146668
1853	6.2214944	49.0953952
1854	6.1624904	49.1280682
1855	6.1631288	49.1289546
1856	6.1636494	49.1289299
1857	6.1638835	49.1296307
1858	6.1663317	49.1303786
1859	6.1719535	49.1325559
1860	6.1737559	49.1327239
1861	6.174793	49.1344998
1862	6.1778133	49.1381682
1863	6.1904475	49.1037922
1864	6.2013186	49.113422
1865	6.1697145	49.1296354
1866	6.2074312	49.1092269
1867	6.2077719	49.1086682
1868	6.2076624	49.1090053
1869	6.2279275	49.0894813
1870	6.2249685	49.091308
1871	6.2261933	49.0905574
1872	6.223629	49.0923522
1873	6.2259606	49.0904233
1874	6.2265275	49.0903224
1875	6.2263155	49.0901814
1876	6.191861	49.0947703
1877	6.1920062	49.0974067
1878	6.18395	49.1047148
1879	6.1817675	49.1009635
1880	6.2086518	49.0974537
1881	6.2108801	49.0977407
1882	6.2047417	49.0992251
1883	6.2060162	49.0998917
1884	6.205803	49.1001056
1885	6.2079491	49.1005169
1886	6.2083038	49.1010107
1887	6.2080664	49.1011707
1888	6.2466037	49.0918305
1889	6.1819693	49.1026405
1890	6.1822428	49.09601
1891	6.1821303	49.0967171
1892	6.1834319	49.1134
1893	6.1844936	49.1142712
1894	6.1839997	49.1137947
1895	6.1830371	49.1136465
1896	6.1829252	49.113611
1897	6.1828684	49.113946
1898	6.1582984	49.1368098
1899	6.1851967	49.1128787
1900	6.1738486	49.1104929
1901	6.2239736	49.0970566
1902	6.1948711	49.0997391
1903	6.1937887	49.0978927
1904	6.1916011	49.1001034
1905	6.1984157	49.1004585
1906	6.1981376	49.104959
1907	6.1743311	49.1054171
1908	6.1749783	49.1018407
1909	6.1661917	49.1017636
1910	6.1745154	49.1041744
1911	6.1925358	49.1070855
1912	6.1583288	49.1003523
1913	6.1768436	49.1201922
1914	6.179865	49.1215721
1915	6.1822118	49.1197066
1916	6.1838173	49.1204208
1917	6.1672237	49.1101476
1918	6.167155	49.1100144
1919	6.1652593	49.1074351
1920	6.1661845	49.106436
1921	6.1651133	49.1072745
1922	6.1690522	49.1072137
1923	6.1691558	49.1127846
1924	6.168265	49.1126593
1925	6.1628354	49.1263274
1926	6.1625693	49.1264499
1927	6.1632324	49.1283973
1928	6.2125688	49.1224495
1929	6.1783921	49.1181248
1930	6.1644656	49.1010096
1931	6.1641116	49.1022037
1932	6.1560626	49.1332051
1933	6.1553654	49.1337229
1934	6.2127003	49.1028734
1935	6.2118719	49.1030787
1936	6.1693018	49.1041893
1937	6.196484	49.1056491
1938	6.2131532	49.1066694
1939	6.1646188	49.1047441
1940	6.1782711	49.1033601
1941	6.1797651	49.1116559
1942	6.1782785	49.1048624
1943	6.2245398	49.0971898
1944	6.1635416	49.1096452
1945	6.1726785	49.1352808
1946	6.1620446	49.1395008
1947	6.1817874	49.1177573
1948	6.1835141	49.1133535
1949	6.1699308	49.1339183
1950	6.1765929	49.1344105
1951	6.1766703	49.1346198
1952	6.1767276	49.1352447
1953	6.2448813	49.0933643
1954	6.2424106	49.0924082
1955	6.2415201	49.092343
1956	6.170216	49.1329049
1957	6.224241	49.100624
1958	6.2079272	49.1067007
1959	6.1872565	49.1118162
1960	6.1936473	49.1120185
1961	6.2001963	49.1121813
1962	6.2006743	49.1120086
1963	6.202058	49.110914
1964	6.1971211	49.1126701
1965	6.2313419	49.0873273
1966	6.2085022	49.103618
1967	6.2094389	49.1035584
1968	6.2302063	49.1145263
1969	6.1846651	49.1117046
1970	6.1852405	49.1124977
1971	6.1849495	49.1126423
1972	6.1848904	49.1121991
1973	6.1852456	49.1120996
1974	6.1830326	49.1131078
1975	6.169687	49.1334914
1976	6.1702135	49.1338461
1977	6.1698363	49.1337438
1978	6.1902084	49.1154173
1979	6.1902781	49.1155181
1980	6.1905111	49.1158559
1981	6.1903018	49.1147918
1982	6.1899448	49.1148094
1983	6.1904807	49.1150543
1984	6.1883278	49.1146244
1985	6.1907321	49.1156856
1986	6.1879233	49.1146431
1987	6.1882624	49.1147484
1988	6.1906845	49.1157377
1989	6.1909865	49.1147456
1990	6.1896975	49.1148101
1991	6.1901741	49.114721
1992	6.1912726	49.1145805
1993	6.1893703	49.1159378
1994	6.1910581	49.11579
1995	6.1879529	49.1145764
1996	6.215453	49.1125714
1997	6.1899396	49.1147342
1998	6.1723741	49.1399049
1999	6.2394298	49.1195435
2000	6.2387149	49.1194808
2001	6.239545	49.1194973
2002	6.2398794	49.1195742
2003	6.2394401	49.1198198
2004	6.2393444	49.1196747
2005	6.2407103	49.1196182
2006	6.2403776	49.1195815
2007	6.2398055	49.1195237
2008	6.175643	49.1274316
2009	6.2200843	49.1217179
2010	6.2205334	49.1216533
2011	6.1862251	49.1184354
2012	6.1872998	49.1229146
2013	6.1876723	49.1245523
2014	6.1899649	49.1263376
2015	6.1897383	49.1262555
2016	6.1685753	49.1123351
2017	6.1845996	49.1127006
2018	6.1819007	49.1150845
2019	6.1854254	49.1121022
2020	6.1852817	49.1122202
2021	6.1848356	49.1124717
2022	6.2387013	49.1076811
2023	6.2423204	49.1077422
2024	6.2439848	49.1085153
2025	6.2477526	49.1078367
2026	6.1877489	49.1145651
2027	6.1886878	49.119407
2028	6.1885242	49.1194279
2029	6.2322958	49.119123
2030	6.1836803	49.0910084
2031	6.1811633	49.0930626
2032	6.1780172	49.1254934
2033	6.1910133	49.1206225
2034	6.1726618	49.1141563
2035	6.1714895	49.1128534
2036	6.1754023	49.1248419
2037	6.1747468	49.1244336
2038	6.1748267	49.110381
2039	6.2175978	49.1134086
2040	6.1720595	49.1112058
2041	6.1781501	49.123637
2042	6.173288	49.0944907
2043	6.176149	49.0923663
2044	6.1834361	49.1009995
2045	6.210716	49.1191888
2046	6.1639972	49.1099991
2047	6.1636447	49.1099272
2048	6.1636764	49.1100535
2049	6.1909561	49.1146702
2050	6.1674914	49.1307539
2051	6.1533331	49.1398255
2052	6.1733581	49.1134202
2053	6.1719121	49.1095533
2054	6.1723465	49.1094108
2055	6.2182186	49.0978775
2056	6.1968318	49.105985
2057	6.2231555	49.1110062
2058	6.1764199	49.1265531
2059	6.1741657	49.1057342
2060	6.171816	49.0982825
2061	6.1656569	49.1361175
2062	6.1713196	49.1285531
2063	6.1739979	49.1278513
2064	6.166869	49.1101077
2065	6.2350998	49.1084466
2066	6.2422119	49.1080283
2067	6.2386614	49.1079217
2068	6.1627148	49.1336011
2069	6.1737859	49.0976249
2070	6.1743725	49.0975901
2071	6.2420561	49.1077357
2072	6.2420922	49.1080263
2073	6.1674075	49.1143446
2074	6.1947053	49.1212591
2075	6.194631	49.1217566
2076	6.1951429	49.1217949
2077	6.1949398	49.0885722
2078	6.1991996	49.086189
2079	6.2008846	49.0898413
2080	6.1984847	49.0888573
2081	6.1968351	49.0851736
2082	6.1956175	49.1200421
2083	6.1677901	49.1016722
2084	6.2233263	49.1202015
2085	6.228206	49.1190235
2086	6.22214	49.1197317
2087	6.1390857	49.1303524
2088	6.1405898	49.1304169
2089	6.2352585	49.1146893
2090	6.2347363	49.1170604
2091	6.1764063	49.1380321
2092	6.1847555	49.0823102
2093	6.1848206	49.0830201
2094	6.1784906	49.1227174
2095	6.1786833	49.1227738
2096	6.1786468	49.1227523
2097	6.1784281	49.1227553
2098	6.1787854	49.1229042
2099	6.1677036	49.1309358
2100	6.1676661	49.1310399
2101	6.1675555	49.1308994
2102	6.1686538	49.1311974
2103	6.1710964	49.1323476
2104	6.1632505	49.1049883
2105	6.1634522	49.1052526
2106	6.1647969	49.1061332
2107	6.2027401	49.098046
2108	6.2028293	49.0984456
2109	6.2031956	49.1034054
2110	6.1910938	49.1113992
2111	6.1861329	49.1119513
2112	6.1991065	49.1130022
2113	6.1861276	49.1135909
2114	6.1537154	49.1317556
2115	6.170091	49.1330541
2116	6.170238	49.1297575
2117	6.1778186	49.110499
2118	6.2379098	49.1022566
2119	6.2395367	49.1028191
2120	6.2405762	49.1034156
2121	6.2405979	49.1039445
2122	6.1581631	49.1359851
2123	6.1534026	49.1400551
2124	6.1535743	49.1398346
2125	6.1806738	49.1119812
2126	6.1721428	49.1115129
2127	6.1728983	49.1112558
2128	6.1722732	49.111367
2129	6.1727504	49.111504
2130	6.1701121	49.1077216
2131	6.1712026	49.1146932
2132	6.221401	49.0919833
2133	6.2268717	49.1078201
2134	6.2264425	49.1077963
2135	6.2261856	49.1078729
2136	6.2316983	49.1191789
2137	6.2208308	49.1076485
2138	6.1693149	49.1215725
2139	6.169849	49.1219686
2140	6.1751274	49.1268395
2141	6.1978387	49.1137207
2142	6.1628898	49.1397457
2143	6.1659682	49.1406066
2144	6.1651942	49.1419342
2145	6.1675938	49.1425657
2146	6.1670945	49.1438077
2147	6.1715322	49.1478179
2148	6.1714122	49.1485421
2149	6.171647	49.1485549
2150	6.2466142	49.0939819
2151	6.246151	49.0941206
2152	6.2257631	49.1225276
2153	6.1740253	49.1155384
2154	6.165664	49.1129594
2155	6.1662166	49.1048395
2156	6.16219	49.103086
2157	6.1618945	49.1031862
2158	6.1618867	49.1032967
2159	6.1776393	49.1000551
2160	6.1587949	49.1323709
2161	6.1975167	49.1040284
2162	6.1950308	49.107258
2163	6.1884116	49.1091211
2164	6.1891802	49.1093478
2165	6.2030416	49.0982617
2166	6.1933729	49.1122897
2167	6.2077042	49.1301445
2168	6.1928842	49.1171465
2169	6.238591	49.0988561
2170	6.2023166	49.1136239
2171	6.2038857	49.114867
2172	6.2034669	49.1149303
2173	6.1658468	49.1405706
2174	6.1657436	49.1406733
2175	6.1659396	49.1407275
2176	6.154955	49.137734
2177	6.1520889	49.1394823
2178	6.1521833	49.138818
2179	6.1507605	49.1366744
2180	6.171455	49.1245098
2181	6.17215	49.1251202
2182	6.196436	49.1078403
2183	6.1833069	49.1075914
2184	6.2225483	49.0981531
2185	6.1767119	49.1380569
2186	6.1948725	49.1030913
2187	6.1660006	49.1199185
2188	6.1755081	49.1274378
2189	6.175519	49.1275208
2190	6.1755493	49.127151
2191	6.1756496	49.1275103
2192	6.2254988	49.0963448
2193	6.1675011	49.1215845
2194	6.1674971	49.1218342
2195	6.1672815	49.1216678
2196	6.1685523	49.1210514
2197	6.1682714	49.120695
2198	6.2454807	49.0935195
2199	6.1795556	49.1045137
2200	6.1875147	49.1111631
2201	6.2019194	49.104105
2202	6.2028859	49.1046261
2203	6.1929572	49.110282
2204	6.1989909	49.1109363
2205	6.198854	49.1109578
2206	6.1919415	49.1110339
2207	6.1989768	49.1110393
2208	6.2010495	49.1026638
2209	6.1911076	49.0996464
2210	6.1907864	49.0995851
2211	6.2026449	49.1066769
2212	6.1674776	49.1025986
2213	6.1666348	49.1026608
2214	6.1664341	49.1025035
2215	6.1645392	49.102754
2216	6.1917523	49.0966145
2217	6.1908069	49.0966378
2218	6.189364	49.0967064
2219	6.1891707	49.0967156
2220	6.1880063	49.096774
2221	6.1908323	49.0971539
2222	6.189423	49.0972242
2223	6.1892335	49.097234
2224	6.1881299	49.0972762
2225	6.1909916	49.0977774
2226	6.1895016	49.097856
2227	6.18931	49.0978656
2228	6.1879305	49.097966
2229	6.1687746	49.1125131
2230	6.1538411	49.1316231
2231	6.2064637	49.1030546
2232	6.2058355	49.1030987
2233	6.1891425	49.1067729
2234	6.1891778	49.1069229
2235	6.1843133	49.1146811
2236	6.187499	49.111917
2237	6.1871168	49.1123867
2238	6.1842842	49.1129392
2239	6.1837109	49.113364
2240	6.1836011	49.1134282
2241	6.1835256	49.1134727
2242	6.1831449	49.1136881
2243	6.1827401	49.113853
2244	6.1818136	49.1146125
2245	6.1821135	49.1146709
2246	6.1822196	49.1147029
2247	6.2206519	49.1135211
2248	6.1787287	49.0955999
2249	6.1836931	49.0968663
2250	6.2173121	49.1141277
2251	6.2201996	49.1148868
2252	6.1691771	49.1043959
2253	6.1694965	49.1044136
2254	6.2186172	49.1108164
2255	6.21947	49.1086665
2256	6.2219845	49.1092335
2257	6.2222132	49.109787
2258	6.2233927	49.1101217
2259	6.2210321	49.1104847
2260	6.2200335	49.1189716
2261	6.1934286	49.1160491
2262	6.2030469	49.1202739
2263	6.2214629	49.1219198
2264	6.2210952	49.124508
2265	6.2219213	49.1248567
2266	6.2097636	49.125353
2267	6.2079732	49.1255376
2268	6.1823583	49.1254983
2269	6.1819855	49.1258706
2270	6.1816224	49.1259811
2271	6.1747412	49.1260859
2272	6.1817681	49.1260899
2273	6.2115786	49.1264283
2274	6.2121665	49.1265305
2275	6.2127011	49.126628
2276	6.1717592	49.1306059
2277	6.1720861	49.1308631
2278	6.1720598	49.1310362
2279	6.1730495	49.1332387
2280	6.1706751	49.1337281
2281	6.1716657	49.1338662
2282	6.171586	49.134078
2283	6.1726906	49.1345364
2284	6.1716663	49.1357263
2285	6.1615023	49.1393326
2286	6.1677625	49.1423083
2287	6.1680314	49.1423888
2288	6.1802475	49.1366647
2289	6.1808349	49.1368865
2290	6.1805339	49.1370005
2291	6.1813086	49.1371433
2292	6.1806721	49.1371592
2293	6.1795705	49.1371674
2294	6.1824005	49.1264053
2295	6.1816684	49.127878
2296	6.170671	49.1477748
2297	6.160371	49.1289611
2298	6.1606637	49.1292266
2299	6.1665938	49.1304317
2300	6.1659785	49.1322612
2301	6.1692255	49.1330884
2302	6.1684854	49.1332993
2303	6.1636157	49.1333426
2304	6.1696023	49.1334041
2305	6.1638577	49.1342924
2306	6.1613211	49.1256019
2307	6.1615223	49.1257221
2308	6.1685598	49.1367127
2309	6.1513423	49.1353736
2310	6.1536101	49.1399063
2311	6.1564315	49.1347622
2312	6.1469314	49.1395411
2313	6.1535135	49.139815
2314	6.1438276	49.1293828
2315	6.1654714	49.1338478
2316	6.1661207	49.1340835
2317	6.1857644	49.08301
2318	6.1860956	49.0703439
2319	6.1859443	49.0704507
2320	6.1881627	49.0705831
2321	6.1877859	49.0705936
2322	6.1857597	49.0721063
2323	6.1861547	49.0721243
2324	6.1812624	49.0722678
2325	6.1828744	49.0737512
2326	6.1832715	49.073859
2327	6.1926604	49.0752822
2328	6.1925592	49.0753507
2329	6.1963882	49.0719986
2330	6.1873714	49.071251
2331	6.1873738	49.0713727
2332	6.1929819	49.0701409
2333	6.2407524	49.103825
2334	6.179005	49.1158749
2335	6.1791121	49.1167438
2336	6.205808	49.1080535
2337	6.2054527	49.1084274
2338	6.2296963	49.1152197
2339	6.2247377	49.1152314
2340	6.2314598	49.1059638
2341	6.2223253	49.1072614
2342	6.226486	49.1079338
2343	6.2289953	49.116358
2344	6.226368	49.1072652
2345	6.2246917	49.1097147
2346	6.1909527	49.111444
2347	6.1910812	49.111512
2348	6.2298547	49.114955
2349	6.2263499	49.1098826
2350	6.2300285	49.1102527
2351	6.2305545	49.1129843
2352	6.2297569	49.1117054
2353	6.2404011	49.1076912
2354	6.2403608	49.1079736
2355	6.2213674	49.1071354
2356	6.2214203	49.107185
2357	6.2186626	49.1066436
2358	6.2215203	49.1070758
2359	6.2214828	49.1071151
2360	6.2206464	49.1071307
2361	6.2107491	49.1164702
2362	6.247535	49.1081262
2363	6.2470682	49.1081702
2364	6.2479536	49.1081713
2365	6.247497	49.1082874
2366	6.2479156	49.108328
2367	6.2475863	49.1083603
2368	6.2478274	49.1083733
2369	6.2087932	49.1050421
2370	6.2104428	49.1057716
2371	6.1638378	49.1098531
2372	6.1664783	49.119907
2373	6.1667031	49.1200834
2374	6.222845	49.1196928
2375	6.2477037	49.1086348
2376	6.2470871	49.1181637
2377	6.1762406	49.1114142
2378	6.1786296	49.105419
2379	6.1784813	49.105543
2380	6.1787243	49.1055538
2381	6.2277808	49.1160476
2382	6.1831643	49.1096833
2383	6.1881539	49.1220235
2384	6.1877549	49.1240784
2385	6.1874806	49.1255446
2386	6.2251422	49.1049494
2387	6.2288397	49.1037162
2388	6.2034724	49.1028569
2389	6.2031704	49.1029734
2390	6.2036607	49.1029823
2391	6.2085162	49.1060333
2392	6.16926	49.1238126
2393	6.1728515	49.1370677
2394	6.172626	49.1371143
2395	6.2408241	49.0943982
2396	6.2046237	49.1161772
2397	6.2044048	49.1164443
2398	6.1898055	49.118042
2399	6.1934116	49.1198988
2400	6.2181129	49.1108994
2401	6.1891455	49.0972385
2402	6.1685057	49.1334406
2403	6.1735756	49.1083206
2404	6.1740539	49.1085786
2405	6.1747495	49.1034822
2406	6.2131145	49.135935
2407	6.2302744	49.119941
2408	6.2045862	49.1163644
2409	6.2047335	49.1164228
2410	6.2046122	49.1164518
2411	6.2305373	49.1251917
2412	6.189702	49.1201066
2413	6.1766062	49.0945626
2414	6.1762927	49.0945693
2415	6.2183478	49.1065639
2416	6.190682	49.1071686
2417	6.1457609	49.1311568
2418	6.14546	49.131255
2419	6.1694376	49.0980778
2420	6.1689689	49.1016159
2421	6.1720812	49.1029446
2422	6.1636	49.1054525
2423	6.1618282	49.1034762
2424	6.1434416	49.136718
2425	6.1639972	49.1099483
2426	6.1639094	49.1098688
2427	6.1639623	49.110048
2428	6.1638205	49.1100949
2429	6.1640316	49.1102767
2430	6.1642301	49.1097649
2431	6.1626741	49.1043361
2432	6.1641685	49.1060116
2433	6.1644028	49.106478
2434	6.1903597	49.1166958
2435	6.1965535	49.1182693
2436	6.1885165	49.1101229
2437	6.2159368	49.1203697
2438	6.1632522	49.1297162
2439	6.1633777	49.129802
2440	6.1633605	49.1296398
2441	6.1721779	49.1309205
2442	6.1886396	49.1272393
2443	6.18861	49.1271479
2444	6.188417	49.1273834
2445	6.1693719	49.1355155
2446	6.1689135	49.1353231
2447	6.1579373	49.1305673
2448	6.1404315	49.1302535
2449	6.1849749	49.1165118
2450	6.1851916	49.1172953
2451	6.1753512	49.1121755
2452	6.175578	49.1122742
2453	6.1758164	49.1118443
2454	6.1706366	49.1117701
2455	6.1792296	49.1071217
2456	6.179219	49.1070051
2457	6.1791446	49.1071531
2458	6.1791107	49.1073172
2459	6.1688302	49.1073046
2460	6.1686087	49.1058136
2461	6.1684878	49.1058693
2462	6.1801358	49.0947226
2463	6.176782	49.0918914
2464	6.1990176	49.1021119
2465	6.1990503	49.1016479
2466	6.1906571	49.1072674
2467	6.1912917	49.1002019
2468	6.1965272	49.1059456
2469	6.1993582	49.1103181
2470	6.2097479	49.1054392
2471	6.2096411	49.1055222
2472	6.2096388	49.1054002
2473	6.199431	49.1100545
2474	6.1996089	49.1101322
2475	6.1969448	49.1129601
2476	6.1934021	49.1119979
2477	6.1917287	49.1142133
2478	6.244028	49.1068816
2479	6.244319	49.1069597
2480	6.2127475	49.1224331
2481	6.2092766	49.1300108
2482	6.2124038	49.1266377
2483	6.2124463	49.1267089
2484	6.2124018	49.1269593
2485	6.2120177	49.1264576
2486	6.2181823	49.1281717
2487	6.2179781	49.1282103
2488	6.2089017	49.1310622
2489	6.2038132	49.120752
2490	6.2035501	49.1206814
2491	6.1965877	49.1179869
2492	6.1966786	49.1178683
2493	6.196848	49.1180663
2494	6.1969649	49.1181694
2495	6.1965487	49.1181224
2496	6.2180657	49.1232374
2497	6.2269665	49.1257463
2498	6.2270977	49.1258072
2499	6.2270525	49.1258395
2500	6.2269285	49.1257882
2501	6.1835876	49.1133799
2502	6.183527	49.1133877
2503	6.1720173	49.1092345
2504	6.1719125	49.109437
2505	6.1702296	49.1064977
2506	6.170429	49.1065802
2507	6.2036393	49.0752697
2508	6.2335074	49.0938486
2509	6.1757898	49.1117015
2510	6.1672899	49.1016978
2511	6.2158364	49.1201462
2512	6.239749	49.119296
2513	6.1794654	49.136103
2514	6.1828686	49.0772877
2515	6.2300081	49.1129536
2516	6.2297163	49.1120111
2517	6.2295665	49.1129448
2518	6.2294666	49.1135968
2519	6.2364427	49.1192009
2520	6.219855	49.119812
2521	6.219587	49.119844
2522	6.1890745	49.0955662
2523	6.1906963	49.0954999
2524	6.1645828	49.1427288
2525	6.1879222	49.1228848
2526	6.1879056	49.1229683
2527	6.1880079	49.1229766
2528	6.1880218	49.1228937
2529	6.1839366	49.1047926
2530	6.1939488	49.1400311
2531	6.1830099	49.0759859
2532	6.2547585	49.1085016
2533	6.1812892	49.1045017
2534	6.1819019	49.1045733
2535	6.1819129	49.1045103
2536	6.17026	49.1094234
2537	6.2182382	49.1067369
2538	6.2183658	49.1067704
2539	6.2239751	49.1112091
2540	6.1650121	49.1421379
2541	6.1705696	49.124962
2542	6.2191915	49.0944365
2543	6.2195581	49.093939
2544	6.2203511	49.0928562
2545	6.2180083	49.0941706
2546	6.2292636	49.1148025
2547	6.2190059	49.0916027
2548	6.1891324	49.0955638
2549	6.1892431	49.0955593
2550	6.2198759	49.0917405
2551	6.2175454	49.0913629
2552	6.2108012	49.1192805
2553	6.2106992	49.1192721
2554	6.2210434	49.0919347
2555	6.1851278	49.0794323
2556	6.1769242	49.1368625
2557	6.1770608	49.1253321
2558	6.1692361	49.1015972
2559	6.169112	49.1014468
2560	6.1521935	49.1387593
2561	6.1506763	49.1391775
2562	6.238607	49.1076821
2563	6.2317511	49.0938698
2564	6.1872127	49.0760962
2565	6.1866216	49.0826963
2566	6.1891603	49.0972377
2567	6.1692302	49.1078107
2568	6.186212	49.1073232
2569	6.2058267	49.1004954
2570	6.1770506	49.1122302
2571	6.1724465	49.111779
2572	6.1658391	49.1080598
2573	6.1686396	49.1043774
2574	6.1688401	49.1044736
2575	6.1688788	49.1045947
2576	6.2248584	49.1095833
2577	6.2247908	49.1095872
