node_idu	node_idv	longueur	vitesse(km/h)	temps de trajet
0	1282	14.675	38.0	1.4
0	495	457.05500000000006	46.7	35.2
0	1251	214.59400000000002	46.7	16.5
1	205	32.323	30.0	3.9
1	8	136.77499999999998	30.0	16.4
2	4	146.387	50.0	10.5
2	281	141.71499999999997	50.0	10.2
3	1316	144.742	38.0	13.7
3	489	16.238	38.0	1.5
3	1335	8.247	30.7	1.0
4	998	163.559	30.0	19.6
4	282	204.87	50.0	14.8
5	801	143.49099999999999	30.0	17.2
5	10	70.808	46.7	5.5
5	798	99.89500000000001	46.7	7.7
6	9	70.813	46.7	5.5
7	805	144.06900000000002	30.0	17.3
7	798	55.578	46.7	4.3
7	1120	282.93699999999995	46.7	21.8
8	602	32.35	30.0	3.9
8	1	136.775	30.0	16.4
9	699	124.12	30.7	14.6
9	1387	78.148	46.7	6.0
9	10	132.51100000000002	46.7	10.2
10	9	132.51100000000002	46.7	10.2
10	5	70.80799999999999	46.7	5.5
11	1281	21.363	38.0	2.0
11	1283	362.97	30.0	43.6
12	993	43.515	38.0	4.1
12	1285	11.789000000000001	38.0	1.1
13	471	100.856	30.7	11.8
13	24	59.82599999999999	46.7	4.6
14	542	60.602	30.0	7.3
14	759	90.52	30.0	10.9
15	23	122.851	30.0	14.7
15	251	88.132	30.0	10.6
16	22	106.435	30.0	12.8
16	1224	63.742000000000004	30.0	7.6
16	1303	151.81000000000003	20.1	27.2
17	1365	11.806	30.0	1.4
17	1361	6.836	30.0	0.8
18	173	100.893	30.7	11.8
18	187	112.848	40.0	10.2
19	13	59.665000000000006	46.7	4.6
19	308	81.44200000000002	30.0	9.8
20	1240	2.549	30.0	0.3
20	247	46.353	30.0	5.6
20	251	59.709999999999994	30.0	7.2
21	14	171.43200000000002	30.0	20.6
21	42	105.026	30.0	12.6
22	16	106.435	30.0	12.8
22	365	89.81	30.0	10.8
23	18	108.74599999999998	30.0	13.0
23	15	122.85100000000001	30.0	14.7
24	231	125.554	46.7	9.7
24	470	110.256	46.7	8.5
25	750	137.722	30.0	16.5
25	41	54.064	38.0	5.1
26	727	170.277	30.0	20.4
26	147	106.81700000000001	30.0	12.8
27	1236	36.079	46.7	2.8
27	214	105.405	46.7	8.1
27	1235	14.385	46.7	1.1
28	1392	19.356	30.0	2.3
29	51	32.85	30.0	3.9
29	32	106.31400000000001	30.0	12.8
30	233	154.079	30.0	18.5
30	65	67.302	50.0	4.8
31	353	224.89800000000002	30.0	27.0
31	26	102.939	30.0	12.4
32	518	107.437	30.0	12.9
32	29	106.31400000000001	30.0	12.8
32	273	53.771	30.0	6.5
33	1364	11.564	30.0	1.4
33	986	14.601	30.0	1.8
34	307	67.824	30.0	8.1
34	19	94.77900000000001	46.7	7.3
35	1235	115.39399999999999	46.7	8.9
35	1237	70.732	30.0	8.5
36	28	107.74100000000001	30.0	12.9
36	715	35.719	30.0	4.3
36	722	20.479	30.0	2.5
37	546	242.076	50.0	17.4
37	332	96.077	50.0	6.9
37	751	265.52700000000004	30.0	31.9
38	40	104.891	30.0	12.6
38	359	72.23899999999999	30.0	8.7
38	33	84.52100000000002	30.0	10.1
39	79	209.04899999999998	50.0	15.1
39	183	113.793	46.7	8.8
40	38	104.89099999999999	30.0	12.6
40	42	336.96600000000007	30.0	40.4
41	25	54.06399999999999	38.0	5.1
42	36	156.146	30.0	18.7
43	91	146.345	30.7	17.2
43	67	137.148	46.7	10.6
44	62	95.763	50.0	6.9
45	1353	7.329	30.7	0.9
45	769	76.152	30.0	9.1
45	767	70.149	38.0	6.6
46	1351	39.928999999999995	30.7	4.7
47	678	17.32	38.0	1.6
47	1146	141.809	38.0	13.4
48	188	230.84000000000003	50.0	16.6
48	691	16.047	50.0	1.2
49	23	111.817	30.7	13.1
49	53	98.623	50.0	7.1
50	1188	27.176	50.0	2.0
50	1118	136.39000000000001	50.0	9.8
51	29	32.85	30.0	3.9
51	597	184.35700000000003	50.0	13.3
51	475	126.21199999999999	30.0	15.1
52	127	172.30200000000002	30.0	20.7
52	161	79.148	50.0	5.7
52	388	146.63299999999998	50.0	10.6
53	124	198.70499999999998	30.7	23.3
53	239	96.279	50.0	6.9
54	348	71.387	38.0	6.8
54	1334	172.125	40.0	15.5
55	104	173.87800000000001	30.0	20.9
55	388	163.36599999999999	50.0	11.8
55	238	234.27499999999998	50.0	16.9
56	61	240.665	50.0	17.3
56	796	79.27	46.7	6.1
56	144	75.171	30.0	9.0
56	778	92.84299999999999	50.0	6.7
57	704	70.651	30.0	8.5
57	1369	54.111	30.0	6.5
58	988	134.986	30.7	15.8
58	692	46.19499999999999	50.0	3.3
59	351	64.645	30.0	7.8
59	80	121.58	30.0	14.6
60	72	26.14	50.0	1.9
60	567	23.127	50.0	1.7
61	56	240.66500000000005	50.0	17.3
61	63	196.587	30.0	23.6
61	785	129.972	50.0	9.4
61	631	171.113	30.0	20.5
62	369	216.12699999999998	30.7	25.3
62	39	84.779	50.0	6.1
63	1185	10.656	30.0	1.3
63	1026	116.39000000000001	30.0	14.0
63	61	196.587	30.0	23.6
63	1186	19.244	50.0	1.4
64	706	251.994	30.0	30.2
64	584	108.945	30.0	13.1
64	708	34.923	30.0	4.2
64	719	243.289	30.0	29.2
65	192	43.795	50.0	3.2
65	1059	32.549	46.7	2.5
66	81	251.97399999999996	30.0	30.2
66	810	30.826999999999998	30.0	3.7
67	369	93.006	50.0	6.7
67	39	213.96900000000002	46.7	16.5
68	77	67.79	30.0	8.1
69	1348	207.95299999999997	30.7	24.4
69	69	35.943	37.1	3.5
70	48	26.604000000000003	50.0	1.9
70	1271	113.543	50.0	8.2
71	87	34.864000000000004	50.0	2.5
71	640	76.432	50.0	5.5
72	989	219.85400000000004	50.0	15.8
72	60	26.14	50.0	1.9
72	156	37.151	38.0	3.5
73	75	100.192	30.0	12.0
74	1222	26.287	46.7	2.0
74	1221	37.473	50.0	2.7
75	212	169.823	50.0	12.2
76	1157	101.46000000000001	38.0	9.6
76	1350	14.494	38.0	1.4
77	78	63.046	30.0	7.6
77	579	64.391	30.0	7.7
77	68	67.79	30.0	8.1
78	77	63.046	30.0	7.6
79	159	208.76600000000002	46.7	16.1
79	703	72.03699999999999	50.0	5.2
80	719	60.275999999999996	30.0	7.2
80	1189	29.287999999999997	30.0	3.5
81	66	251.97400000000005	30.0	30.2
81	82	84.507	50.0	6.1
81	1375	66.091	50.0	4.8
82	317	73.012	30.0	8.8
82	208	31.343000000000004	50.0	2.3
82	935	31.539	50.0	2.3
82	81	84.507	50.0	6.1
83	594	83.74300000000001	30.0	10.0
83	935	144.161	50.0	10.4
83	207	105.737	50.0	7.6
84	1332	8.248	50.0	0.6
84	87	31.197000000000003	50.0	2.2
85	84	47.602	50.0	3.4
86	1221	13.066	50.0	0.9
86	1015	30.796	50.0	2.2
87	74	24.723000000000003	50.0	1.8
88	159	91.26400000000001	50.0	6.6
89	310	25.678000000000004	70.0	1.3
89	112	52.758	70.0	2.7
90	355	123.03800000000001	30.7	14.4
90	855	122.937	46.7	9.5
91	633	25.588	50.0	1.8
92	109	140.664	30.0	16.9
92	1051	120.369	40.0	10.8
92	738	80.076	30.0	9.6
93	841	92.30099999999999	46.7	7.1
93	839	139.22500000000002	30.0	16.7
94	153	20.476	30.7	2.4
94	154	275.279	30.0	33.0
95	765	281.32800000000003	30.0	33.8
95	119	165.91899999999998	50.0	11.9
95	120	143.039	30.0	17.2
96	822	25.598	38.0	2.4
96	94	46.518	38.0	4.4
97	162	52.330999999999996	50.0	3.8
97	511	139.575	50.0	10.0
97	710	103.244	50.0	7.4
97	151	292.09499999999997	30.0	35.1
98	806	40.079	46.7	3.1
98	776	226.763	30.0	27.2
98	807	53.107	30.0	6.4
99	820	17.483	30.7	2.1
99	835	45.403	30.7	5.3
100	428	126.78900000000002	30.0	15.2
100	144	124.70400000000001	30.0	15.0
100	1032	64.159	30.0	7.7
101	622	103.31899999999999	30.7	12.1
101	983	11.97	30.0	1.4
102	727	6.368	30.0	0.8
102	728	5.602	30.0	0.7
103	148	333.172	70.0	17.1
104	55	173.878	30.0	20.9
104	990	19.095	38.0	1.8
105	508	101.244	30.0	12.1
105	596	34.18	30.0	4.1
105	510	144.276	30.0	17.3
106	1221	7.157	46.7	0.6
106	1222	33.152	46.7	2.6
107	1046	9.606	50.0	0.7
107	166	364.925	40.0	32.8
107	1047	195.18399999999997	46.7	15.0
108	156	162.445	38.0	15.4
108	127	293.03400000000005	38.0	27.8
109	92	140.664	30.0	16.9
109	723	164.13400000000001	30.0	19.7
109	1014	19.904	50.0	1.4
109	1134	136.19299999999998	20.0	24.5
110	920	13.199	30.7	1.5
110	1119	490.05800000000005	20.0	88.2
111	849	14.818	46.7	1.1
112	310	53.632999999999996	70.0	2.8
113	824	61.364	38.0	5.8
114	153	24.485	46.7	1.9
114	96	62.555	38.0	5.9
114	94	24.183999999999997	46.7	1.9
115	1125	85.70400000000001	46.7	6.6
115	9	37.206	46.7	2.9
116	1387	68.204	30.7	8.0
117	614	118.792	46.7	9.2
118	805	143.437	30.0	17.2
118	802	155.25799999999998	30.0	18.6
119	160	26.342000000000002	46.7	2.0
119	852	84.644	30.0	10.2
119	126	33.354	50.0	2.4
120	95	143.03900000000002	30.0	17.2
120	98	190.203	46.7	14.7
121	838	60.575	38.0	5.7
121	170	105.74199999999999	38.0	10.0
122	980	83.21600000000001	30.0	10.0
123	1045	9.098	50.0	0.7
123	1044	14.099	50.0	1.0
124	213	101.943	30.0	12.2
125	897	13.452	50.0	1.0
125	898	24.123	50.0	1.7
126	160	35.647999999999996	46.7	2.7
126	157	50.013000000000005	50.0	3.6
127	108	293.03400000000005	38.0	27.8
127	990	71.947	38.0	6.8
128	137	26.36	38.0	2.5
128	1201	32.466	30.7	3.8
128	1249	19.461	38.0	1.8
129	574	140.711	30.7	16.5
129	43	194.958	46.7	15.0
130	95	163.33200000000002	50.0	11.8
130	1036	214.183	30.0	25.7
130	807	130.305	30.0	15.6
131	225	153.222	38.0	14.5
131	886	212.81600000000003	50.0	15.3
132	865	121.684	30.7	14.3
132	876	260.53400000000005	30.7	30.6
132	862	208.241	30.0	25.0
133	850	104.72	46.7	8.1
134	1015	40.692	50.0	2.9
134	792	16.988	50.0	1.2
135	1033	46.525	30.7	5.5
135	1034	38.973	50.0	2.8
135	944	249.17000000000002	50.0	17.9
136	158	35.077	70.0	1.8
137	128	26.36	38.0	2.5
137	121	235.812	38.0	22.3
138	802	156.673	30.0	18.8
138	1125	135.706	46.7	10.5
138	782	154.548	30.7	18.1
138	783	37.177	46.7	2.9
139	434	22.268	46.7	1.7
139	433	26.651	30.0	3.2
139	432	68.44	46.7	5.3
140	79	431.8860000000001	50.0	31.1
140	473	46.608000000000004	30.0	5.6
141	161	29.685000000000002	50.0	2.1
141	174	83.24699999999999	40.0	7.5
142	1104	145.08499999999998	30.7	17.0
142	163	209.807	30.7	24.6
143	1376	5.527	30.0	0.7
143	1318	13.847999999999999	30.0	1.7
144	116	88.623	30.7	10.4
144	100	124.704	30.0	15.0
144	56	75.17099999999999	30.0	9.0
145	710	35.869	50.0	2.6
145	791	141.072	50.0	10.2
146	1155	11.072	50.0	0.8
147	781	248.263	30.0	29.8
147	169	170.674	30.0	20.5
147	631	82.35300000000001	30.0	9.9
148	859	38.032	70.0	2.0
148	103	333.172	70.0	17.1
148	987	111.78	50.0	8.0
149	1103	32.409	30.7	3.8
149	540	44.957	46.7	3.5
149	1050	37.724	46.7	2.9
150	256	19.676	30.7	2.3
150	748	46.41	46.7	3.6
151	599	134.201	30.0	16.1
151	730	91.247	30.0	10.9
152	695	126.11899999999999	50.0	9.1
152	668	108.31800000000001	30.0	13.0
153	120	95.808	46.7	7.4
154	1203	170.53300000000004	30.0	20.5
155	921	195.08300000000003	50.0	14.0
155	880	119.92200000000001	30.7	14.1
156	60	48.30199999999999	38.0	4.6
156	380	400.27200000000005	30.0	48.0
156	108	162.44500000000002	38.0	15.4
157	126	50.013	50.0	3.6
157	854	26.572000000000003	50.0	1.9
158	89	23.747	70.0	1.2
158	938	822.127	40.0	74.0
159	67	168.67199999999997	50.0	12.1
159	635	125.602	50.0	9.0
160	93	90.13300000000001	46.7	6.9
161	52	79.148	50.0	5.7
161	141	29.685000000000002	50.0	2.1
161	1110	66.508	50.0	4.8
162	741	111.94500000000001	30.0	13.4
162	97	52.331	50.0	3.8
162	1368	58.68900000000001	50.0	4.2
163	146	117.498	30.7	13.8
163	142	209.80700000000002	30.7	24.6
164	1337	29.207	50.0	2.1
164	1243	27.691	46.7	2.1
164	1356	27.445999999999998	50.0	2.0
165	701	75.052	30.0	9.0
165	113	55.199000000000005	30.0	6.6
166	107	364.92499999999995	40.0	32.8
166	1194	214.748	50.0	15.5
166	1359	86.76400000000001	50.0	6.2
167	140	111.36899999999999	50.0	8.0
167	982	28.737	46.7	2.2
168	145	23.866	50.0	1.7
168	620	57.815000000000005	30.0	6.9
169	1123	6.114	30.0	0.7
169	147	170.67399999999998	30.0	20.5
170	836	115.11500000000001	30.7	13.5
170	814	67.941	38.0	6.4
171	215	29.687	50.0	2.1
172	53	124.625	30.7	14.6
172	23	96.297	50.0	6.9
173	194	86.9	30.7	10.2
173	49	101.93199999999999	50.0	7.3
174	141	83.247	40.0	7.5
174	213	89.446	30.0	10.7
175	253	26.004	50.0	1.9
175	176	30.044	50.0	2.2
176	999	16.817	50.0	1.2
176	253	16.78	30.0	2.0
177	178	107.88900000000001	38.0	10.2
177	766	66.689	50.0	4.8
178	349	113.68	38.0	10.8
179	242	104.193	30.0	12.5
179	54	115.539	30.0	13.9
180	37	116.02	30.0	13.9
180	273	299.448	30.0	35.9
181	243	107.37199999999999	30.0	12.9
181	219	19.285	50.0	1.4
182	333	96.957	30.0	11.6
182	252	121.309	30.0	14.6
183	258	108.04700000000001	46.7	8.3
183	448	67.111	30.0	8.1
184	333	60.251999999999995	30.0	7.2
184	195	121.191	30.0	14.5
185	582	132.929	30.0	16.0
185	220	94.598	30.0	11.4
186	234	60.351	30.0	7.2
186	233	80.814	30.0	9.7
187	188	116.25	30.7	13.6
187	427	78.52	50.0	5.7
188	189	90.83	30.7	10.7
188	173	104.93499999999999	50.0	7.6
189	194	94.681	30.7	11.1
189	141	129.826	30.7	15.2
190	191	96.31299999999999	30.7	11.3
190	305	202.30400000000003	50.0	14.6
191	193	101.181	30.0	12.1
191	217	169.11400000000003	30.0	20.3
192	44	118.137	50.0	8.5
193	221	158.351	30.0	19.0
193	334	59.433	30.0	7.1
193	184	72.841	30.0	8.7
194	174	107.28899999999999	30.7	12.6
195	307	51.308	30.0	6.2
195	257	69.274	30.0	8.3
196	1130	37.522999999999996	38.0	3.6
196	278	36.114999999999995	46.7	2.8
196	1112	222.11399999999998	50.0	16.0
197	1300	15.282	30.7	1.8
197	1301	49.643	46.7	3.8
198	523	116.042	30.0	13.9
198	1040	101.42699999999999	46.7	7.8
198	1301	100.067	46.7	7.7
199	1398	20.38	30.0	2.4
199	711	44.546	30.0	5.3
200	68	80.778	30.0	9.7
200	590	29.582	30.0	3.5
201	590	39.504	30.0	4.7
201	202	65.79899999999999	30.0	7.9
202	203	24.840999999999998	30.0	3.0
202	201	65.79899999999999	30.0	7.9
203	204	9.514000000000001	30.0	1.1
203	581	110.803	30.0	13.3
204	1023	6.096	30.0	0.7
205	206	9.023	30.7	1.1
206	205	9.023	30.7	1.1
207	586	82.56	30.0	9.9
207	83	105.737	50.0	7.6
207	1245	69.562	50.0	5.0
208	209	91.97000000000001	40.0	8.3
209	210	23.508	30.0	2.8
209	594	89.475	30.0	10.7
210	593	118.654	30.0	14.2
210	209	23.508	30.0	2.8
210	592	136.854	30.0	16.4
211	581	73.141	30.0	8.8
211	204	91.755	30.0	11.0
212	587	91.691	30.0	11.0
212	75	169.82299999999998	50.0	12.2
212	490	82.438	50.0	5.9
213	49	188.73199999999997	30.7	22.1
213	174	89.446	30.0	10.7
213	124	101.943	30.0	12.2
214	27	105.40499999999999	46.7	8.1
215	172	66.753	50.0	4.8
216	186	159.716	30.0	19.2
216	335	68.046	30.0	8.2
217	185	68.643	30.0	8.2
217	218	71.14500000000001	46.7	5.5
218	1214	11.257	46.7	0.9
218	255	29.354	50.0	2.1
219	190	204.089	50.0	14.7
220	221	86.54500000000002	30.0	10.4
220	186	129.106	30.0	15.5
221	217	101.46699999999998	30.0	12.2
222	890	22.267	38.0	2.1
222	887	21.948	38.0	2.1
223	907	248.00300000000004	50.0	17.9
224	1193	41.979000000000006	30.7	4.9
224	915	28.733999999999998	30.7	3.4
224	925	126.882	30.7	14.9
225	1293	33.007000000000005	30.7	3.9
225	294	57.727999999999994	38.0	5.5
226	901	12.209	30.7	1.4
226	1293	52.158	30.7	6.1
227	882	42.047000000000004	50.0	3.0
227	912	92.00299999999999	38.0	8.7
227	1378	157.497	30.0	18.9
228	606	15.187	46.7	1.2
228	300	149.53499999999997	50.0	10.8
228	1321	46.424	38.0	4.4
229	607	16.808	50.0	1.2
229	946	74.251	50.0	5.3
229	1066	118.326	50.0	8.5
230	1253	126.167	50.0	9.1
230	925	114.054	50.0	8.2
230	1082	334.13800000000003	30.7	39.2
231	277	36.849	46.7	2.8
231	663	136.026	30.0	16.3
231	274	29.567	30.0	3.5
232	167	16.691	46.7	1.3
232	982	31.488	30.0	3.8
233	187	89.53600000000002	30.0	10.7
234	248	57.794	30.0	6.9
234	233	140.50200000000004	30.0	16.9
235	1122	264.82499999999993	20.0	47.7
235	332	145.03	50.0	10.4
235	243	174.06799999999998	40.0	15.7
236	1156	33.735	30.0	4.0
236	402	45.111000000000004	50.0	3.2
236	446	60.628	50.0	4.4
237	406	29.835	30.0	3.6
237	564	19.500999999999998	50.0	1.4
237	402	82.68299999999999	50.0	6.0
238	370	109.838	30.0	13.2
238	55	234.275	50.0	16.9
239	171	132.966	30.7	15.6
240	583	36.783	30.0	4.4
240	241	75.06700000000001	30.0	9.0
240	284	55.658	50.0	4.0
241	150	85.969	46.7	6.6
242	263	117.223	30.0	14.1
242	262	57.041000000000004	30.0	6.8
243	244	225.35899999999998	30.0	27.0
243	235	174.068	40.0	15.7
243	181	107.37199999999999	30.0	12.9
244	346	38.09	30.0	4.6
244	347	185.116	30.0	22.2
244	190	87.812	30.0	10.5
245	247	79.963	30.0	9.6
245	246	47.516	30.0	5.7
246	1238	2.243	30.0	0.3
246	1239	54.779	30.0	6.6
247	249	54.693	30.0	6.6
248	15	100.364	30.0	12.0
249	582	82.31899999999999	30.0	9.9
249	220	125.73700000000002	30.0	15.1
249	250	59.217	30.0	7.1
250	1173	36.408	30.0	4.4
250	248	83.64	30.0	10.0
251	1172	37.853	30.0	4.5
251	15	88.132	30.0	10.6
251	20	59.709999999999994	30.0	7.2
252	183	95.176	30.0	11.4
253	1247	203.171	50.0	14.6
253	612	124.604	30.0	15.0
253	176	16.78	30.0	2.0
254	259	68.404	50.0	4.9
255	185	74.24900000000001	30.0	8.9
255	256	70.492	50.0	5.1
256	240	68.941	50.0	5.0
257	258	109.235	30.7	12.8
257	252	97.161	30.0	11.7
258	465	27.758	46.7	2.1
259	1246	40.04	30.0	4.8
259	177	80.205	50.0	5.8
260	1090	45.527	30.7	5.3
260	1168	110.067	30.0	13.2
261	1370	13.91	30.7	1.6
261	1090	38.308	30.7	4.5
261	179	72.685	30.0	8.7
262	547	71.313	30.0	8.6
262	1370	78.73100000000001	30.7	9.2
263	180	123.846	30.0	14.9
263	262	154.66599999999997	30.7	18.1
264	1129	15.281	38.0	1.4
264	287	339.712	50.0	24.5
265	278	23.914	46.7	1.8
266	507	68.03	30.0	8.2
266	788	46.001000000000005	30.0	5.5
266	789	67.941	50.0	4.9
267	532	95.909	30.0	11.5
267	788	104.061	30.0	12.5
268	1111	144.25500000000002	30.7	16.9
268	73	43.747	50.0	3.1
269	623	105.97200000000001	30.0	12.7
269	595	75.157	30.0	9.0
269	598	88.57000000000001	30.0	10.6
270	277	122.616	46.7	9.5
270	474	92.27199999999999	30.0	11.1
270	271	73.118	46.7	5.6
271	51	99.71400000000001	46.7	7.7
272	273	101.22699999999999	30.0	12.1
272	516	49.42	30.0	5.9
272	515	58.013999999999996	30.0	7.0
273	180	299.448	30.0	35.9
273	32	53.771	30.0	6.5
274	275	166.30599999999998	30.0	20.0
275	347	102.19200000000001	30.0	12.3
275	276	181.981	30.0	21.8
276	277	30.444000000000003	30.0	3.7
276	274	16.73	30.0	2.0
277	270	122.616	46.7	9.5
278	1130	21.972	38.0	2.1
278	265	23.914	46.7	1.8
278	196	36.114999999999995	46.7	2.8
279	1286	8.685	46.7	0.7
279	1287	9.994	50.0	0.7
280	267	305.4819999999999	50.0	22.0
280	624	42.228	30.0	5.1
281	1167	53.147	50.0	3.8
282	281	75.446	30.7	8.8
283	284	105.33800000000001	30.0	12.6
283	241	66.879	46.7	5.2
284	245	99.66900000000001	30.0	12.0
284	35	48.336	50.0	3.5
285	287	26.055	50.0	1.9
285	286	126.89	50.0	9.1
285	318	319.4650000000001	50.0	23.0
286	287	121.88100000000001	50.0	8.8
287	285	26.055	50.0	1.9
287	264	339.712	50.0	24.5
288	1277	16.757	46.7	1.3
288	1164	107.627	46.7	8.3
288	829	29.698	30.7	3.5
289	1277	38.121	46.7	2.9
289	290	33.532	46.7	2.6
290	876	281.03299999999996	30.7	33.0
290	702	198.29700000000003	30.7	23.3
290	845	41.321	46.7	3.2
290	289	33.532	46.7	2.6
291	865	148.849	30.7	17.5
291	292	23.575000000000003	30.7	2.8
292	866	95.53300000000002	30.7	11.2
292	291	23.575	30.7	2.8
292	863	125.248	30.7	14.7
293	1306	74.402	30.7	8.7
293	877	94.473	38.0	9.0
293	1255	30.098	30.7	3.5
293	900	89.97800000000001	50.0	6.5
294	879	70.172	50.0	5.1
294	902	85.46699999999998	50.0	6.2
294	299	85.48	38.0	8.1
295	296	81.68599999999999	30.7	9.6
295	924	88.89399999999999	38.0	8.4
295	1292	134.553	38.0	12.7
295	923	58.992999999999995	30.7	6.9
296	297	64.827	30.7	7.6
296	910	89.485	30.7	10.5
296	295	81.686	30.7	9.6
297	298	71.655	30.7	8.4
297	296	64.827	30.7	7.6
298	302	100.08999999999999	30.7	11.7
298	297	71.655	30.7	8.4
298	1292	68.507	30.7	8.0
299	933	5.637	38.0	0.5
299	226	59.666000000000004	30.7	7.0
299	294	85.48	38.0	8.1
300	229	179.557	50.0	12.9
300	1133	48.335	38.0	4.6
301	493	171.62400000000002	50.0	12.4
301	338	156.82	50.0	11.3
302	298	100.08999999999999	30.7	11.7
303	1280	61.352000000000004	50.0	4.4
303	1292	131.82	38.0	12.5
303	1080	173.89999999999998	38.0	16.5
303	1086	154.838	30.0	18.6
304	327	69.903	30.0	8.4
305	306	96.38700000000001	30.7	11.3
305	577	35.582	30.0	4.3
306	195	104.75000000000001	30.0	12.6
306	191	196.979	30.0	23.6
307	34	67.82400000000001	30.0	8.1
307	195	51.308	30.0	6.2
307	308	110.30000000000001	30.0	13.2
308	576	19.019	30.0	2.3
309	539	42.589	70.0	2.2
310	311	37.150999999999996	70.0	1.9
311	484	44.922	46.7	3.5
311	312	29.257999999999996	70.0	1.5
312	313	25.348999999999997	70.0	1.3
313	314	69.69800000000001	70.0	3.6
313	309	30.629	70.0	1.6
314	337	159.377	45.8	12.5
314	315	361.314	70.0	18.6
316	1259	69.913	50.0	5.0
316	1206	131.838	30.0	15.8
317	66	124.359	30.0	14.9
318	616	37.57900000000001	40.0	3.4
318	496	138.327	50.0	10.0
318	285	319.46500000000003	50.0	23.0
319	977	180.11499999999998	30.0	21.6
319	497	208.08	30.0	25.0
320	1135	121.98499999999999	30.0	14.6
321	1050	10.513	30.7	1.2
321	149	30.700000000000003	46.7	2.4
322	323	15.649000000000001	30.0	1.9
322	1180	16.662	30.0	2.0
323	364	37.873000000000005	30.0	4.5
323	324	19.972	30.0	2.4
324	1181	4.012	30.0	0.5
324	322	17.614	30.0	2.1
325	364	23.209	30.0	2.8
325	754	15.942	30.0	1.9
326	327	20.235999999999997	30.0	2.4
327	304	69.90299999999999	30.0	8.4
327	752	87.949	30.0	10.6
327	326	20.235999999999997	30.0	2.4
328	753	212.064	30.0	25.4
328	541	40.947	30.0	4.9
329	357	43.538	30.0	5.2
329	759	105.133	30.0	12.6
330	716	40.138	30.0	4.8
330	714	202.60700000000006	30.0	24.3
331	643	43.577000000000005	30.0	5.2
331	722	28.741999999999997	30.0	3.4
332	235	145.03	50.0	10.4
332	37	96.077	50.0	6.9
333	184	60.251999999999995	30.0	7.2
333	182	96.95699999999998	30.0	11.6
333	334	71.42999999999999	30.0	8.6
334	1060	98.529	30.0	11.8
335	334	134.075	30.0	16.1
335	221	66.018	30.0	7.9
336	1305	12.184	46.7	0.9
337	1064	194.161	46.7	15.0
338	942	9.996	46.7	0.8
338	146	128.371	50.0	9.2
339	857	8.372	30.0	1.0
339	125	371.34799999999996	50.0	26.7
340	847	90.26800000000001	30.0	10.8
340	775	88.804	30.0	10.7
341	430	12.262	50.0	0.9
341	425	64.692	30.0	7.8
341	342	90.226	50.0	6.5
342	355	86.44300000000001	50.0	6.2
342	343	150.731	30.0	18.1
342	341	90.22600000000001	50.0	6.5
343	772	23.046	30.0	2.8
343	771	90.85499999999999	30.0	10.9
344	345	156.53699999999998	30.0	18.8
344	350	41.374	30.0	5.0
345	764	23.018	30.0	2.8
345	1376	29.685000000000002	30.0	3.6
346	244	38.09	30.0	4.6
347	275	102.192	30.0	12.3
347	305	76.60000000000001	30.0	9.2
348	349	113.61200000000001	30.0	13.6
348	45	112.175	38.0	10.6
349	260	86.778	30.0	10.4
349	179	71.817	38.0	6.8
350	1302	27.731	30.0	3.3
351	59	64.645	30.0	7.8
351	717	23.931	30.0	2.9
352	782	58.342	50.0	4.2
353	130	43.24	50.0	3.1
354	355	127.77099999999999	50.0	9.2
354	853	107.843	30.0	12.9
354	343	60.26	30.0	7.2
355	90	123.03800000000001	30.7	14.4
355	342	86.443	50.0	6.2
355	846	143.074	30.0	17.2
356	358	38.644	20.1	6.9
356	357	161.228	20.1	28.9
357	760	29.309	30.0	3.5
358	325	125.20600000000002	20.1	22.4
358	1171	94.94800000000001	30.7	11.1
359	350	150.47799999999998	30.0	18.1
360	362	99.747	20.1	17.9
361	360	31.296	20.1	5.6
362	363	33.691	20.1	6.0
362	754	94.907	20.1	17.0
363	362	33.691	20.1	6.0
363	544	71.95	20.1	12.9
364	325	23.209	30.0	2.8
364	323	37.873000000000005	30.0	4.5
364	363	98.39699999999999	20.1	17.6
365	366	49.141	30.0	5.9
365	689	62.25200000000001	30.0	7.5
366	365	49.141	30.0	5.9
366	550	88.815	30.0	10.7
366	931	51.745999999999995	30.0	6.2
367	931	27.261	30.0	3.3
368	44	218.362	30.7	25.6
368	58	49.917	50.0	3.6
369	368	92.695	50.0	6.7
370	381	135.945	30.0	16.3
370	238	109.838	30.0	13.2
370	991	274.989	30.0	33.0
370	371	176.553	30.0	21.2
371	374	470.46599999999995	30.0	56.5
371	370	176.553	30.0	21.2
371	382	85.357	30.0	10.2
372	373	21.274	30.0	2.6
372	992	149.324	30.0	17.9
373	374	32.138000000000005	30.0	3.9
373	375	140.343	30.0	16.8
374	372	25.119	30.0	3.0
374	371	470.466	30.0	56.5
375	1056	37.881	30.0	4.5
375	373	140.343	30.0	16.8
375	379	295.72800000000007	30.0	35.5
376	555	40.091	30.0	4.8
376	377	14.422	30.0	1.7
377	1174	16.7	30.0	2.0
377	1183	112.10600000000001	30.0	13.5
378	376	21.631999999999998	30.0	2.6
378	563	206.606	30.0	24.8
379	375	295.728	30.0	35.5
379	383	121.025	50.0	8.7
379	395	48.174	50.0	3.5
380	156	400.27199999999993	30.0	48.0
380	1027	184.024	30.0	22.1
380	1102	151.68300000000002	30.0	18.2
381	370	135.945	30.0	16.3
381	1177	147.25	30.0	17.7
381	1100	343.261	30.0	41.2
382	371	85.357	30.0	10.2
382	1182	100.921	30.0	12.1
382	384	118.019	30.0	14.2
383	1182	2.931	50.0	0.2
383	1367	22.445	30.0	2.7
383	379	121.02500000000002	50.0	8.7
384	382	118.019	30.0	14.2
385	386	50.728	30.7	5.9
385	386	159.466	30.7	18.7
386	239	85.15599999999999	30.7	10.0
387	1296	9.174	30.7	1.1
387	458	21.096	30.7	2.5
387	460	91.42299999999999	30.7	10.7
388	52	146.633	50.0	10.6
388	55	163.366	50.0	11.8
389	393	100.451	30.0	12.1
389	392	69.576	30.0	8.3
389	390	142.234	30.0	17.1
389	1367	153.125	30.0	18.4
390	389	142.234	30.0	17.1
390	391	205.543	30.0	24.7
390	392	190.235	30.0	22.8
390	394	100.775	30.0	12.1
391	390	205.543	30.0	24.7
392	389	69.576	30.0	8.3
392	390	190.235	30.0	22.8
392	397	121.74100000000001	30.0	14.6
393	389	100.451	30.0	12.1
393	394	142.42499999999998	30.0	17.1
394	400	212.64900000000003	30.0	25.5
394	393	142.42499999999998	30.0	17.1
394	390	100.775	30.0	12.1
395	393	102.02199999999999	30.0	12.2
395	379	48.174	50.0	3.5
395	554	42.595	50.0	3.1
396	401	152.15700000000004	30.0	18.3
396	398	52.947	30.0	6.4
396	408	27.506	30.0	3.3
397	392	121.741	30.0	14.6
398	400	82.50800000000001	30.0	9.9
398	406	293.49	30.0	35.2
398	396	52.946999999999996	30.0	6.4
399	422	88.19300000000001	30.0	10.6
399	563	149.959	50.0	10.8
399	564	61.34	50.0	4.4
400	398	82.508	30.0	9.9
400	394	212.649	30.0	25.5
400	421	98.033	30.0	11.8
401	419	39.246	30.0	4.7
401	396	152.157	30.0	18.3
401	407	131.719	30.0	15.8
402	1156	43.995000000000005	30.0	5.3
402	237	82.683	50.0	6.0
402	236	45.111000000000004	50.0	3.2
403	412	15.503	30.0	1.9
403	447	150.638	30.0	18.1
403	405	132.574	30.0	15.9
404	409	129.78199999999998	30.0	15.6
404	408	114.335	30.0	13.7
404	405	104.713	30.0	12.6
405	407	23.389	30.0	2.8
405	409	165.426	30.0	19.9
405	404	104.71300000000002	30.0	12.6
405	403	132.57399999999998	30.0	15.9
406	237	29.835	30.0	3.6
406	398	293.49	30.0	35.2
406	409	90.24000000000001	30.0	10.8
407	405	23.389	30.0	2.8
407	401	131.719	30.0	15.8
407	408	176.66	30.0	21.2
408	407	176.66000000000003	30.0	21.2
408	396	27.506	30.0	3.3
408	404	114.33499999999998	30.0	13.7
409	406	90.24000000000001	30.0	10.8
409	405	165.426	30.0	19.9
409	404	129.782	30.0	15.6
410	411	154.683	30.0	18.6
410	446	158.838	50.0	11.4
411	412	23.575	30.0	2.8
411	410	154.683	30.0	18.6
411	413	89.048	30.0	10.7
412	403	15.503	30.0	1.9
412	411	23.575	30.0	2.8
412	419	160.657	30.0	19.3
413	411	89.048	30.0	10.7
415	1025	18.292	30.7	2.1
415	416	13.712	30.7	1.6
416	1313	4.51	30.7	0.5
417	1342	55.034	30.0	6.6
417	1024	120.502	30.0	14.5
417	418	272.96799999999996	30.0	32.8
418	417	272.96799999999996	30.0	32.8
419	401	39.246	30.0	4.7
419	412	160.65699999999998	30.0	19.3
419	1025	42.179	30.0	5.1
420	554	29.592	50.0	2.1
420	563	46.312	50.0	3.3
420	423	102.774	30.0	12.3
421	422	142.833	30.0	17.1
421	400	98.03299999999999	30.0	11.8
421	1169	207.603	30.0	24.9
422	421	142.833	30.0	17.1
422	399	88.193	30.0	10.6
422	1170	117.568	30.0	14.1
423	1169	8.227	30.0	1.0
423	420	102.77400000000002	30.0	12.3
423	1170	25.469	30.0	3.1
424	762	88.79400000000001	30.0	10.7
424	425	54.401	30.0	6.5
425	424	54.401	30.0	6.5
425	430	66.04299999999999	30.0	7.9
426	65	156.45200000000003	50.0	11.3
426	427	182.80800000000002	30.7	21.4
427	30	92.80199999999999	50.0	6.7
428	429	49.445	30.0	5.9
428	100	126.78899999999999	30.0	15.2
428	1187	73.99199999999999	30.7	8.7
429	428	49.445	30.0	5.9
429	1078	88.56899999999999	30.0	10.6
430	341	12.262	50.0	0.9
430	437	131.99699999999999	50.0	9.5
431	433	16.883	30.0	2.0
431	432	54.747	50.0	3.9
432	339	201.46000000000004	50.0	14.5
433	340	164.80899999999997	30.0	19.8
433	434	18.916	30.0	2.3
434	117	9.787	46.7	0.8
435	436	32.848	46.7	2.5
435	859	395.305	70.0	20.3
436	341	112.72200000000001	30.0	13.5
437	435	13.116	46.7	1.0
437	431	297.96600000000007	50.0	21.5
438	439	27.57	30.7	3.2
438	795	9.111999999999998	30.7	1.1
439	795	25.628999999999998	30.7	3.0
439	440	66.231	30.7	7.8
440	696	43.377	30.7	5.1
440	441	26.244	30.7	3.1
440	439	66.231	30.7	7.8
441	442	111.49499999999999	30.7	13.1
442	443	280.91099999999994	30.7	32.9
442	1078	105.38799999999999	30.7	12.4
443	1191	177.452	30.7	20.8
443	1117	47.222	30.7	5.5
444	1030	229.21999999999997	30.7	26.9
444	1175	369.302	30.7	43.3
445	1282	551.221	30.7	64.6
446	447	67.67999999999999	30.0	8.1
446	236	60.628	50.0	4.4
446	410	158.838	50.0	11.4
447	1156	57.38300000000001	30.0	6.9
447	403	150.63799999999998	30.0	18.1
447	446	67.68	30.0	8.1
448	1216	152.853	40.0	13.8
448	449	82.22200000000001	30.0	9.9
449	466	61.00300000000001	30.0	7.3
449	665	68.507	30.7	8.0
449	448	82.22200000000001	30.0	9.9
450	664	68.837	30.7	8.1
450	451	46.791000000000004	30.0	5.6
450	467	68.601	30.0	8.2
451	19	75.243	30.0	9.0
451	450	46.791000000000004	30.0	5.6
452	454	109.587	38.0	10.4
452	455	83.78299999999999	30.7	9.8
452	994	19.945	38.0	1.9
453	489	45.326	38.0	4.3
453	454	74.501	38.0	7.1
453	455	184.69799999999998	30.7	21.7
454	453	74.501	38.0	7.1
454	452	109.587	38.0	10.4
454	455	84.66300000000001	30.7	9.9
455	453	184.698	30.7	21.7
455	452	83.783	30.7	9.8
455	456	72.24699999999999	30.7	8.5
455	454	84.66300000000001	30.7	9.9
456	455	72.247	30.7	8.5
456	1350	94.929	30.7	11.1
456	463	29.443	30.7	3.5
457	1297	46.953	30.7	5.5
458	387	21.096	30.7	2.5
458	1297	13.278	30.7	1.6
458	459	31.228	30.7	3.7
459	458	31.228	30.7	3.7
460	387	91.42299999999999	30.7	10.7
461	1296	34.983	30.7	4.1
461	463	14.883	30.7	1.7
461	462	64.505	30.7	7.6
462	461	64.505	30.7	7.6
463	461	14.883	30.7	1.7
463	456	29.443	30.7	3.5
463	464	123.593	30.7	14.5
464	463	123.593	30.7	14.5
465	468	16.515	46.7	1.3
465	466	90.36699999999999	30.0	10.8
466	449	61.003	30.0	7.3
466	467	14.519	30.0	1.7
467	468	90.863	30.0	10.9
467	450	68.601	30.0	8.2
467	466	14.519000000000002	30.0	1.7
468	34	24.201	46.7	1.9
469	471	53.705999999999996	30.7	6.3
469	451	20.171	30.0	2.4
470	472	108.83500000000001	50.0	7.8
471	470	84.35699999999999	30.7	9.9
472	473	123.79099999999998	30.7	14.5
472	167	31.247999999999998	50.0	2.2
473	469	107.37800000000001	30.0	12.9
474	475	174.739	30.0	21.0
474	270	92.272	30.0	11.1
474	595	73.896	30.0	8.9
475	476	7.438	30.0	0.9
475	474	174.739	30.0	21.0
475	51	126.21199999999999	30.0	15.1
476	475	7.438	30.0	0.9
476	477	200.66000000000003	30.0	24.1
476	596	68.36699999999999	30.0	8.2
477	478	59.174	30.0	7.1
477	476	200.66000000000003	30.0	24.1
478	280	188.458	30.0	22.6
478	477	59.174	30.0	7.1
479	482	36.94	50.0	2.7
479	531	78.238	50.0	5.6
480	163	81.285	30.7	9.5
480	338	105.393	50.0	7.6
481	967	17.047	50.0	1.2
481	966	20.375999999999998	50.0	1.5
482	965	17.846	46.7	1.4
483	947	117.598	46.7	9.1
483	1275	266.13100000000003	46.7	20.5
483	1331	334.188	50.0	24.1
484	312	48.228	46.7	3.7
484	936	523.0549999999998	50.0	37.7
485	947	10.531	46.7	0.8
485	945	106.716	30.7	12.5
486	487	53.582	30.7	6.3
487	486	53.582	30.7	6.3
487	488	67.545	30.7	7.9
487	1335	77.151	30.7	9.0
488	489	217.408	30.7	25.5
488	487	67.545	30.7	7.9
488	1335	64.324	30.7	7.5
489	3	16.238	38.0	1.5
489	453	45.326	38.0	4.3
489	488	217.408	30.7	25.5
490	212	82.438	50.0	5.9
490	812	77.36399999999999	50.0	5.6
491	492	276.068	50.0	19.9
492	549	281.954	30.0	33.8
492	135	153.168	50.0	11.0
493	979	29.093	50.0	2.1
493	1068	22.271	50.0	1.6
494	228	106.015	50.0	7.6
495	992	80.83500000000001	30.0	9.7
495	0	457.05499999999995	46.7	35.2
495	1030	680.497	46.7	52.5
496	978	104.86	30.0	12.6
496	511	240.75099999999998	50.0	17.3
496	318	138.327	50.0	10.0
497	319	208.07999999999998	30.0	25.0
497	513	104.37899999999999	30.0	12.5
497	512	211.452	30.0	25.4
498	499	13.975	30.7	1.6
499	503	155.755	30.0	18.7
499	500	14.863	30.0	1.8
500	506	58.730000000000004	30.0	7.0
500	501	15.054000000000002	30.0	1.8
501	498	18.453	30.0	2.2
502	501	185.101	30.0	22.2
502	514	115.11200000000001	30.0	13.8
503	499	155.755	30.0	18.7
503	504	93.223	30.0	11.2
504	791	59.606	50.0	4.3
504	503	93.223	30.0	11.2
504	510	123.30399999999997	30.0	14.8
504	1019	166.796	46.7	12.9
505	279	148.986	50.0	10.7
506	505	74.286	30.0	8.9
506	737	124.191	30.0	14.9
506	507	205.21599999999998	30.0	24.6
507	502	63.336	30.0	7.6
508	269	92.359	30.0	11.1
508	509	145.487	30.0	17.5
509	508	145.487	30.0	17.5
509	510	99.709	30.0	12.0
510	504	123.304	30.0	14.8
510	620	111.10900000000001	30.0	13.3
510	105	144.276	30.0	17.3
511	97	139.575	50.0	10.0
511	512	155.821	30.0	18.7
511	496	240.75099999999998	50.0	17.3
512	497	211.452	30.0	25.4
513	498	101.456	30.0	12.2
513	514	204.48499999999999	30.0	24.5
514	319	134.586	30.0	16.2
515	272	58.013999999999996	30.0	7.0
516	272	49.42	30.0	5.9
517	518	58.714999999999996	20.0	10.6
518	517	58.714999999999996	20.0	10.6
518	272	55.282999999999994	30.0	6.6
518	271	119.528	30.0	14.3
519	520	64.879	30.0	7.8
519	522	72.784	30.0	8.7
520	519	64.879	30.0	7.8
520	561	25.601	30.0	3.1
521	561	13.309	30.7	1.6
521	520	21.279	30.0	2.6
522	519	72.784	30.0	8.7
522	523	29.223999999999997	30.0	3.5
523	524	52.502	30.0	6.3
524	525	20.018000000000004	30.0	2.4
525	522	47.021	30.0	5.6
525	1115	9.190999999999999	30.0	1.1
526	553	66.038	30.0	7.9
526	619	73.541	30.0	8.8
526	1115	137.659	30.0	16.5
527	726	79.836	30.0	9.6
528	1093	165.22	30.0	19.8
528	647	43.374	30.0	5.2
529	1069	16.227	30.0	1.9
529	492	234.225	50.0	16.9
529	565	71.535	30.0	8.6
530	531	204.642	30.0	24.6
530	709	136.301	30.0	16.4
530	1195	74.642	30.0	9.0
531	530	204.642	30.0	24.6
531	1384	175.22899999999998	50.0	12.6
531	479	78.238	50.0	5.6
532	612	132.21699999999998	30.0	15.9
532	533	276.434	50.0	19.9
532	267	95.909	30.0	11.5
533	534	188.33399999999997	30.0	22.6
533	613	149.616	50.0	10.8
534	535	167.18599999999998	30.0	20.1
534	32	210.24199999999996	30.0	25.2
535	537	74.088	30.7	8.7
535	547	98.666	30.0	11.8
535	534	167.186	30.0	20.1
536	254	57.998000000000005	50.0	4.2
537	535	74.088	30.7	8.7
537	536	183.34600000000003	30.7	21.5
538	1197	76.967	30.0	9.2
538	659	41.79900000000001	50.0	3.0
539	136	28.075	70.0	1.4
540	743	85.122	46.7	6.6
540	149	44.957	46.7	3.5
541	754	49.631	30.0	6.0
541	326	268.77099999999996	30.0	32.3
541	328	40.947	30.0	4.9
542	543	23.746	30.0	2.8
542	682	169.294	30.0	20.3
543	758	80.922	30.0	9.7
544	360	58.565999999999995	20.1	10.5
544	1178	84.18199999999999	20.1	15.1
545	645	193.573	30.0	23.2
545	895	144.009	30.0	17.3
546	54	105.791	50.0	7.6
546	242	115.115	30.0	13.8
547	262	71.313	30.0	8.6
547	535	98.666	30.0	11.8
547	773	118.035	30.0	14.2
548	934	103.25	30.0	12.4
548	550	407.269	30.0	48.9
549	528	164.94400000000002	30.0	19.8
549	904	194.157	30.0	23.3
550	22	46.224000000000004	30.0	5.5
550	644	189.155	20.1	33.9
551	1114	75.951	30.0	9.1
551	617	237.731	30.0	28.5
552	562	61.073	30.0	7.3
552	551	130.10899999999998	30.0	15.6
553	1114	270.938	30.0	32.5
553	526	66.038	30.0	7.9
554	420	29.592	50.0	2.1
554	555	260.686	30.0	31.3
554	395	42.595	50.0	3.1
555	1056	13.64	30.0	1.6
555	376	40.091	30.0	4.8
555	554	260.686	30.0	31.3
556	558	387.01599999999996	30.0	46.4
556	1174	184.52599999999998	30.0	22.1
556	564	165.16499999999996	30.0	19.8
557	1016	19.093	46.7	1.5
557	558	37.531	30.0	4.5
557	559	37.483000000000004	46.7	2.9
558	559	18.394	30.0	2.2
558	556	387.01599999999996	30.0	46.4
559	1017	16.979	46.7	1.3
559	1251	33.645	46.7	2.6
560	1299	7.035	30.7	0.8
561	1113	10.831	30.7	1.3
562	552	61.07300000000001	30.0	7.3
562	560	21.28	30.0	2.6
563	420	46.312	50.0	3.3
563	378	206.606	30.0	24.8
563	399	149.95899999999997	50.0	10.8
564	556	165.16499999999996	30.0	19.8
564	399	61.339999999999996	50.0	4.4
564	237	19.500999999999998	50.0	1.4
565	1198	31.740000000000002	30.0	3.8
565	529	71.535	30.0	8.6
565	659	56.267	30.0	6.8
566	43	175.765	30.7	20.6
566	570	176.50300000000001	30.7	20.7
567	568	117.87800000000001	30.7	13.8
567	572	122.36500000000001	50.0	8.8
567	60	23.127	50.0	1.7
568	569	43.341	30.7	5.1
568	572	179.095	30.7	21.0
569	570	84.942	30.7	10.0
569	573	69.288	30.7	8.1
570	571	161.36599999999999	30.7	18.9
570	1220	52.361999999999995	30.7	6.1
571	566	37.87	30.7	4.4
572	106	51.628	46.7	4.0
572	567	122.36500000000001	50.0	8.8
573	108	67.56400000000001	30.7	7.9
574	569	90.82400000000001	30.7	10.7
574	575	70.735	30.7	8.3
575	574	70.735	30.7	8.3
576	577	96.70700000000002	30.0	11.6
576	306	32.177	30.0	3.9
577	952	40.789	46.7	3.1
577	578	126.083	30.0	15.1
578	577	126.083	30.0	15.1
579	201	144.228	30.0	17.3
579	77	64.391	30.0	7.7
579	580	32.076	30.0	3.8
580	581	49.682	30.0	6.0
580	1138	104.344	30.7	12.2
580	579	32.076	30.0	3.8
581	580	49.682	30.0	6.0
581	585	86.172	30.0	10.3
581	211	73.14099999999999	30.0	8.8
582	249	82.319	30.0	9.9
582	245	54.291	30.0	6.5
583	240	36.783	30.0	4.4
584	705	14.154	50.0	1.0
584	1188	171.22299999999996	50.0	12.3
584	64	108.945	30.0	13.1
585	592	82.91499999999999	30.0	9.9
585	587	82.309	30.0	9.9
585	490	90.245	30.0	10.8
586	207	82.56	30.0	9.9
586	601	70.333	30.0	8.4
586	594	104.27000000000001	30.0	12.5
587	579	71.762	30.0	8.6
587	585	82.309	30.0	9.9
588	589	87.499	30.0	10.5
588	591	79.129	50.0	5.7
589	591	56.368	30.0	6.8
589	588	87.499	30.0	10.5
589	590	39.214999999999996	30.0	4.7
590	201	39.504	30.0	4.7
590	589	39.214999999999996	30.0	4.7
590	1399	17.456	30.0	2.1
591	589	56.36800000000001	30.0	6.8
591	205	138.755	50.0	10.0
592	210	136.854	30.0	16.4
592	585	82.915	30.0	9.9
592	593	80.03	30.0	9.6
593	592	80.03	30.0	9.6
593	594	145.53900000000002	30.0	17.5
593	211	97.90899999999999	30.0	11.7
594	586	104.27000000000001	30.0	12.5
594	209	89.47499999999998	30.0	10.7
594	593	145.539	30.0	17.5
595	663	182.74800000000002	30.0	21.9
595	269	75.157	30.0	9.0
595	474	73.896	30.0	8.9
595	596	186.613	30.0	22.4
596	476	68.36699999999999	30.0	8.2
596	105	34.18	30.0	4.1
597	477	160.15200000000002	30.7	18.8
597	280	146.883	50.0	10.6
598	269	88.57	30.0	10.6
598	599	60.733000000000004	30.0	7.3
599	151	134.201	30.0	16.1
599	509	117.551	30.0	14.1
599	729	97.731	30.0	11.7
599	598	60.733	30.0	7.3
600	602	49.949999999999996	30.0	6.0
600	1244	306.598	30.0	36.8
600	1244	242.26500000000001	30.0	29.1
601	586	70.333	30.0	8.4
601	1386	93.288	30.0	11.2
601	602	132.793	30.0	15.9
602	601	132.79299999999998	30.0	15.9
602	8	32.35	30.0	3.9
602	600	49.949999999999996	30.0	6.0
603	309	269.721	70.0	13.9
604	948	60.282	46.7	4.6
604	485	32.356	46.7	2.5
605	946	49.654999999999994	37.1	4.8
605	607	79.341	50.0	5.7
606	228	15.187	46.7	1.2
606	494	104.764	50.0	7.5
607	229	16.808	50.0	1.2
607	1254	32.105000000000004	50.0	2.3
607	1136	162.368	50.0	11.7
608	1073	73.73	30.0	8.8
609	777	77.72000000000001	30.0	9.3
610	608	45.209	30.0	5.4
610	1069	93.051	30.0	11.2
610	609	65.332	30.0	7.8
611	747	69.459	30.0	8.3
611	657	39.447	30.0	4.7
612	532	132.21699999999998	30.0	15.9
612	253	124.60399999999998	30.0	15.0
612	613	243.18	50.0	17.5
613	536	29.516	50.0	2.1
614	847	75.048	30.0	9.0
614	848	120.09899999999999	46.7	9.3
615	852	12.224	30.0	1.5
615	853	25.697000000000003	30.0	3.1
615	688	90.39	30.0	10.8
616	735	102.443	50.0	7.4
616	740	356.2	30.0	42.7
616	733	164.079	30.0	19.7
617	731	106.97500000000001	30.0	12.8
618	731	35.826	30.0	4.3
618	619	116.739	30.0	14.0
619	734	78.394	30.7	9.2
619	526	73.54100000000001	30.0	8.8
620	621	80.852	30.0	9.7
620	510	111.10900000000001	30.0	13.3
620	168	57.815	30.0	6.9
621	620	80.852	30.0	9.7
621	621	205.77800000000002	30.0	24.7
622	598	101.567	30.0	12.2
622	623	91.738	30.0	11.0
623	232	103.571	30.0	12.4
624	29	350.93399999999997	30.0	42.1
624	533	68.59100000000001	30.0	8.2
625	981	196.78399999999996	30.0	23.6
625	628	102.617	30.0	12.3
626	634	297.373	30.0	35.7
626	625	361.70799999999997	30.0	43.4
627	628	107.465	30.0	12.9
627	643	162.484	30.0	19.5
627	634	43.251999999999995	30.0	5.2
628	627	107.465	30.0	12.9
628	625	102.617	30.0	12.3
628	629	68.858	30.0	8.3
629	628	68.85799999999999	30.0	8.3
629	629	26.061999999999998	30.7	3.1
630	786	138.716	30.0	16.6
630	638	91.237	30.0	10.9
630	784	191.089	30.0	22.9
631	780	9.359	30.0	1.1
631	641	108.45	30.0	13.0
631	147	82.353	30.0	9.9
631	61	171.113	30.0	20.5
632	633	136.783	30.0	16.4
632	636	147.692	30.0	17.7
633	134	185.931	50.0	13.4
633	632	136.78300000000002	30.0	16.4
634	102	317.8500000000001	30.0	38.1
634	627	43.251999999999995	30.0	5.2
635	91	12.170000000000002	50.0	0.9
635	1213	28.382000000000005	20.0	5.1
636	1213	133.928	20.0	24.1
636	88	33.109	30.0	4.0
637	85	242.44299999999996	30.0	29.1
637	632	173.086	30.0	20.8
638	637	48.742	30.0	5.8
638	630	91.23700000000001	30.0	10.9
639	638	208.74699999999996	30.0	25.0
639	784	95.92899999999999	30.0	11.5
639	1332	30.628999999999998	30.0	3.7
640	784	31.783	30.0	3.8
640	71	76.432	50.0	5.5
640	785	147.932	50.0	10.7
641	631	108.45000000000002	30.0	13.0
641	786	37.67400000000001	30.0	4.5
641	642	76.192	30.0	9.1
642	641	76.192	30.0	9.1
643	736	21.308999999999997	30.0	2.6
643	627	162.48399999999998	30.0	19.5
644	651	45.095	30.0	5.4
644	934	350.66299999999995	20.1	62.8
645	1077	55.576	30.0	6.7
645	1223	67.40599999999999	30.0	8.1
646	545	31.004	30.0	3.7
646	648	181.08100000000002	30.0	21.7
647	649	63.51899999999999	30.0	7.6
647	660	50.993	30.0	6.1
648	1223	52.198	30.0	6.3
648	1077	70.17099999999999	30.0	8.4
649	1072	28.203	30.0	3.4
650	667	108.67099999999999	30.0	13.0
650	152	94.218	50.0	6.8
650	744	102.52500000000002	38.0	9.7
651	656	52.68299999999999	30.0	6.3
651	644	45.095	30.0	5.4
651	929	71.93299999999999	30.0	8.6
652	366	63.458999999999996	30.0	7.6
652	689	50.443999999999996	30.0	6.1
653	647	108.46400000000001	30.0	13.0
653	661	49.327999999999996	30.0	5.9
654	932	149.752	30.0	18.0
655	932	95.39100000000002	30.0	11.4
655	929	53.384	30.0	6.4
655	656	81.61	30.0	9.8
656	655	81.61	30.0	9.8
656	1071	300.99100000000004	30.0	36.1
657	658	22.625	30.0	2.7
658	1074	53.617999999999995	30.0	6.4
659	609	107.289	30.0	12.9
659	529	55.39699999999999	50.0	4.0
660	611	10.131	30.0	1.2
660	661	106.274	30.0	12.8
661	1075	50.58	30.0	6.1
662	1190	68.897	30.0	8.3
662	653	83.074	30.0	10.0
663	232	122.72600000000001	30.0	14.7
664	666	45.154	30.7	5.3
664	1199	82.25500000000001	30.7	9.6
664	450	68.83699999999999	30.7	8.1
665	1341	72.66499999999999	30.7	8.5
665	449	68.507	30.7	8.0
665	813	44.905	30.7	5.3
666	664	45.154	30.7	5.3
667	650	108.67099999999999	30.0	13.0
667	985	12.273	30.0	1.5
668	667	94.181	30.0	11.3
668	693	89.91	30.0	10.8
669	670	223.02100000000002	30.0	26.8
669	1258	120.75399999999999	30.0	14.5
669	955	146.452	30.0	17.6
670	669	223.02100000000002	30.0	26.8
670	959	98.012	30.0	11.8
671	674	43.318	20.0	7.8
671	1397	115.10100000000001	20.0	20.7
671	673	113.112	20.0	20.4
672	673	67.902	20.1	12.2
673	1312	42.03	20.1	7.5
673	672	67.902	20.1	12.2
673	671	113.112	20.0	20.4
674	671	43.318	20.0	7.8
674	675	155.469	30.0	18.7
674	1312	121.86500000000001	30.0	14.6
674	1339	96.64699999999999	30.7	11.3
675	1158	10.68	20.0	1.9
675	674	155.469	30.0	18.7
675	676	45.138999999999996	30.0	5.4
676	1391	104.138	30.7	12.2
676	675	45.139	30.0	5.4
676	1143	86.611	30.0	10.4
677	1391	184.24900000000002	30.7	21.6
677	678	97.435	30.0	11.7
677	1007	95.034	20.0	17.1
678	995	27.759	38.0	2.6
678	677	97.43499999999999	30.0	11.7
679	1007	33.092	20.0	6.0
679	1006	36.908	20.0	6.6
679	1307	36.903	20.0	6.6
680	685	48.986000000000004	30.0	5.9
681	686	8.461	30.0	1.0
681	683	85.26299999999999	30.0	10.2
682	683	37.778	30.0	4.5
682	680	84.65299999999999	30.0	10.2
683	1063	57.675	30.0	6.9
684	1179	72.425	30.0	8.7
685	21	73.484	30.0	8.8
686	680	10.436	30.0	1.3
686	687	71.93599999999999	30.0	8.6
687	686	71.93599999999999	30.0	8.6
688	771	116.148	30.0	13.9
688	615	90.39	30.0	10.8
688	764	121.31700000000001	30.0	14.6
689	28	96.17200000000001	30.0	11.5
689	330	101.22700000000003	30.0	12.1
690	691	24.711	50.0	1.8
690	48	21.343	50.0	1.5
691	1242	14.142	50.0	1.0
692	690	9.892	50.0	0.7
692	70	48.402	50.0	3.5
693	694	94.31099999999999	30.0	11.3
693	548	87.02	30.0	10.4
694	985	77.83300000000001	30.0	9.3
694	927	10.498000000000001	30.0	1.3
695	538	75.611	50.0	5.4
696	697	250.165	30.7	29.3
696	440	43.377	30.7	5.1
696	1233	181.49099999999999	30.7	21.3
697	696	250.165	30.7	29.3
698	10	116.824	30.7	13.7
698	699	120.82200000000002	30.0	14.5
699	438	21.598	30.7	2.5
699	698	120.82199999999999	30.0	14.5
700	140	154.211	30.0	18.5
700	122	121.34799999999998	30.7	14.2
701	702	215.42400000000004	30.7	25.3
701	113	30.936	30.7	3.6
702	290	198.29699999999997	30.7	23.3
702	701	215.42399999999998	30.7	25.3
702	823	46.475	30.7	5.4
703	50	149.987	50.0	10.8
703	1216	160.80700000000002	30.7	18.9
704	59	68.888	30.0	8.3
705	1291	62.902	50.0	4.5
706	1379	126.815	30.0	15.2
706	725	164.347	30.0	19.7
706	64	251.994	30.0	30.2
706	1345	82.047	46.7	6.3
707	708	70.65400000000001	30.7	8.3
708	64	34.923	30.0	4.2
708	1189	127.892	30.0	15.3
708	707	70.654	30.7	8.3
709	530	136.301	30.0	16.4
710	145	35.869	50.0	2.6
710	97	103.244	50.0	7.4
710	168	43.734	50.0	3.1
711	588	23.634999999999998	50.0	1.7
712	92	70.093	30.0	8.4
712	713	118.623	30.7	13.9
713	1368	36.637	50.0	2.6
713	1014	41.39	50.0	3.0
714	736	118.926	30.0	14.3
714	1369	27.595	30.0	3.3
715	330	61.07600000000001	30.0	7.3
716	717	16.291	30.0	2.0
716	351	19.718	30.0	2.4
717	652	85.993	30.0	10.3
718	930	71.605	30.0	8.6
719	720	52.408	30.0	6.3
720	718	59.881	30.0	7.2
720	721	58.552	30.0	7.0
721	720	58.552	30.0	7.0
722	331	28.742	30.0	3.4
722	715	37.793	30.0	4.5
722	36	20.479	30.0	2.5
723	724	92.29899999999999	38.0	8.7
723	744	33.636	38.0	3.2
723	109	164.134	30.0	19.7
724	723	92.29899999999999	38.0	8.7
724	152	137.047	50.0	9.9
725	985	63.212	30.0	7.6
725	706	164.347	30.0	19.7
725	928	87.612	30.0	10.5
726	693	114.674	30.0	13.8
726	777	132.08700000000002	30.0	15.9
726	1395	89.75500000000001	30.0	10.8
727	102	6.368	30.0	0.8
727	1226	2.714	30.0	0.3
728	1227	2.677	30.0	0.3
728	102	5.602	30.0	0.7
728	31	191.842	30.0	23.0
729	622	58.752	30.0	7.1
729	122	91.273	30.0	11.0
730	980	85.68900000000001	30.0	10.3
730	729	113.10399999999998	30.0	13.6
731	618	35.826	30.0	4.3
731	732	27.192	30.0	3.3
732	731	27.192	30.0	3.3
732	1324	60.139	30.0	7.2
732	733	96.32899999999998	30.0	11.6
733	617	85.71000000000001	30.0	10.3
734	320	115.785	30.7	13.6
734	618	102.142	30.0	12.3
735	320	114.54899999999999	30.0	13.7
735	1324	130.269	30.0	15.6
736	643	21.308999999999997	30.0	2.6
736	331	42.447	30.0	5.1
737	503	83.90400000000001	30.0	10.1
738	740	171.22400000000002	30.0	20.5
739	743	35.215	46.7	2.7
739	1319	19.303	46.7	1.5
739	742	92.126	30.0	11.1
740	741	103.65799999999999	20.0	18.7
740	616	356.2	30.0	42.7
741	712	61.454	30.0	7.4
742	738	28.588	30.0	3.4
742	1061	55.105000000000004	30.0	6.6
743	739	35.215	46.7	2.7
743	540	85.122	46.7	6.6
744	723	33.636	38.0	3.2
744	650	102.52500000000002	38.0	9.7
744	1215	61.152	25.0	8.8
745	650	63.06	50.0	4.5
745	725	121.758	30.0	14.6
746	747	63.10399999999999	30.0	7.6
746	658	73.549	30.0	8.8
747	1070	25.76	30.0	3.1
748	255	31.326	30.0	3.8
748	181	29.002000000000002	46.7	2.2
749	745	39.473	50.0	2.8
749	695	322.524	50.0	23.2
750	809	81.78699999999999	30.0	9.8
750	751	257.855	30.0	30.9
751	25	130.926	30.0	15.7
752	753	39.807	30.0	4.8
752	328	180.118	30.0	21.6
753	328	212.064	30.0	25.4
754	541	49.631	30.0	6.0
754	325	15.941999999999998	30.0	1.9
755	1181	109.55600000000001	30.7	12.8
755	543	39.63	30.0	4.8
756	684	23.604	30.7	2.8
757	1180	16.42	30.7	1.9
758	329	114.631	30.0	13.8
759	38	74.887	30.0	9.0
760	359	15.538	30.0	1.9
760	761	176.987	20.1	31.7
761	356	70.434	20.1	12.6
761	760	176.987	20.1	31.7
762	424	88.794	30.0	10.7
763	344	30.065999999999995	30.0	3.6
763	1302	29.211000000000002	30.0	3.5
764	688	121.317	30.0	14.6
764	1376	27.38	30.0	3.3
765	95	281.32800000000003	30.0	33.8
765	1318	49.437000000000005	30.0	5.9
766	769	133.701	10.0	48.1
766	2	82.26400000000001	50.0	5.9
767	768	61.19299999999999	30.0	7.3
767	2	103.74199999999999	38.0	9.8
768	767	61.193	30.0	7.3
769	770	69.877	20.1	12.5
769	178	49.439	30.0	5.9
770	769	69.877	20.1	12.5
771	344	64.25500000000001	30.0	7.7
771	688	116.14800000000002	30.0	13.9
772	343	23.046	30.0	2.8
773	547	118.035	30.0	14.2
774	775	90.485	30.0	10.9
774	342	174.71800000000002	30.0	21.0
775	436	69.46000000000001	30.0	8.3
776	154	135.235	30.7	15.9
776	98	226.763	30.0	27.2
776	808	36.798	30.0	4.4
777	746	13.39	30.0	1.6
778	352	42.888999999999996	50.0	3.1
778	779	213.632	30.0	25.6
778	1125	170.81699999999998	30.7	20.0
779	1162	13.043000000000001	30.0	1.6
779	780	26.319000000000003	30.0	3.2
780	631	9.359	30.0	1.1
780	1162	20.735	30.0	2.5
781	147	248.263	30.0	29.8
781	1126	139.856	30.7	16.4
781	353	194.564	50.0	14.0
782	781	35.363	50.0	2.5
783	808	480.82700000000006	30.0	57.7
783	1127	19.907	46.7	1.5
783	138	37.177	46.7	2.9
784	640	31.783000000000005	30.0	3.8
784	630	191.089	30.0	22.9
785	786	199.196	30.0	23.9
785	640	147.93200000000002	50.0	10.7
785	61	129.972	50.0	9.4
786	641	37.674	30.0	4.5
786	630	138.71599999999998	30.0	16.6
787	788	76.493	30.7	9.0
787	789	45.013	30.7	5.3
788	267	104.06099999999999	30.0	12.5
788	266	46.001000000000005	30.0	5.5
789	787	45.013000000000005	30.7	5.3
789	505	153.051	50.0	11.0
790	791	94.954	20.0	17.1
791	790	94.954	20.0	17.1
791	504	59.606	50.0	4.3
791	145	141.072	50.0	10.2
792	129	20.575	30.7	2.4
792	86	23.645	50.0	1.7
793	794	317.537	30.7	37.2
794	793	317.5369999999999	30.7	37.2
794	442	213.53100000000003	30.7	25.0
795	116	129.838	30.7	15.2
796	56	79.27000000000001	46.7	6.1
796	6	30.642	46.7	2.4
797	800	102.335	30.0	12.3
798	803	143.452	30.0	17.2
798	5	99.89500000000001	46.7	7.7
798	7	55.577999999999996	46.7	4.3
799	800	7.481	30.0	0.9
800	799	7.481	30.0	0.9
800	797	102.33500000000001	30.0	12.3
800	801	90.48599999999999	30.0	10.9
801	803	93.885	30.0	11.3
801	802	139.045	30.0	16.7
801	5	143.491	30.0	17.2
801	800	90.486	30.0	10.9
802	138	156.673	30.0	18.8
802	118	155.258	30.0	18.6
802	801	139.045	30.0	16.7
803	801	93.88500000000002	30.0	11.3
803	805	62.28	30.0	7.5
803	804	84.837	30.0	10.2
804	803	84.837	30.0	10.2
805	118	143.437	30.0	17.2
805	7	144.06900000000002	30.0	17.3
805	803	62.28	30.0	7.5
806	807	85.366	30.7	10.0
806	98	40.079	46.7	3.1
806	1127	151.38	30.0	18.2
807	130	130.305	30.0	15.6
807	98	53.107	30.0	6.4
808	776	36.798	30.0	4.4
808	1037	76.687	30.0	9.2
809	317	140.599	30.0	16.9
809	810	294.747	30.0	35.4
810	1334	78.239	30.0	9.4
810	66	30.826999999999998	30.0	3.7
810	809	294.747	30.0	35.4
811	46	67.839	30.0	8.1
812	1139	39.695	30.0	4.8
812	490	77.364	50.0	5.6
812	1116	70.23	50.0	5.1
813	665	44.904999999999994	30.7	5.3
814	165	72.92699999999999	30.0	8.8
814	1020	41.232	38.0	3.9
815	816	9.845	30.7	1.2
815	817	27.967	38.0	2.6
816	1250	154.03599999999997	38.0	14.6
817	821	36.145	38.0	3.4
817	820	93.424	30.7	11.0
818	816	52.83	38.0	5.0
819	828	70.14	30.7	8.2
819	820	153.416	30.7	18.0
819	830	209.59	30.7	24.6
820	99	17.483	30.7	2.1
820	819	153.41600000000003	30.7	18.0
821	818	11.695	38.0	1.1
822	96	25.598	38.0	2.4
822	1092	71.653	30.7	8.4
822	1020	74.462	38.0	7.1
823	702	46.475	30.7	5.4
824	1229	66.578	30.7	7.8
824	137	80.723	38.0	7.6
825	828	25.074	30.7	2.9
825	831	82.719	30.7	9.7
825	826	116.166	30.7	13.6
826	825	116.16600000000001	30.7	13.6
827	828	66.773	50.0	4.8
828	825	25.074	30.7	2.9
828	819	70.14	30.7	8.2
828	827	66.773	50.0	4.8
829	1278	18.428	30.7	2.2
829	1234	82.89399999999999	30.7	9.7
830	819	209.59	30.7	24.6
830	1234	72.09899999999999	30.7	8.5
830	1165	108.516	30.7	12.7
831	825	82.719	30.7	9.7
832	834	49.506	30.7	5.8
833	834	32.248	30.7	3.8
834	833	32.248	30.7	3.8
834	832	49.506	30.7	5.8
834	835	113.33399999999999	30.7	13.3
835	818	29.622	30.7	3.5
835	834	113.334	30.7	13.3
836	170	115.11500000000001	30.7	13.5
837	838	57.679	30.7	6.8
838	837	57.679	30.7	6.8
838	121	60.575	38.0	5.7
839	840	210.334	30.0	25.2
839	90	95.60200000000002	30.0	11.5
840	90	92.52000000000001	46.7	7.1
841	114	9.953	46.7	0.8
841	842	194.732	30.0	23.4
842	839	54.824999999999996	30.0	6.6
843	842	170.121	30.0	20.4
844	840	44.546	46.7	3.4
844	843	146.779	30.0	17.6
845	851	23.313000000000002	46.7	1.8
845	290	41.321	46.7	3.2
845	843	182.13899999999998	30.0	21.9
846	133	109.254	30.0	13.1
846	774	115.878	30.0	13.9
847	848	103.73800000000003	30.0	12.4
847	774	88.559	30.0	10.6
848	133	34.337	46.7	2.6
849	844	24.193	46.7	1.9
849	846	125.079	30.0	15.0
850	851	26.945999999999998	46.7	2.1
850	111	19.184	46.7	1.5
851	845	23.313000000000002	46.7	1.8
851	111	29.070999999999998	46.7	2.2
852	615	12.224	30.0	1.5
852	119	84.64399999999999	30.0	10.2
853	354	107.84300000000002	30.0	12.9
853	852	22.143	30.0	2.7
854	354	38.439	50.0	2.8
855	854	28.769	30.7	3.4
855	157	16.307	46.7	1.3
856	970	99.96399999999998	30.7	11.7
856	857	300.496	50.0	21.6
857	339	8.372	30.0	1.0
857	858	28.572	50.0	2.1
857	1132	19.369999999999997	30.0	2.3
858	859	279.136	70.0	14.4
858	975	123.487	50.0	8.9
859	148	38.032	70.0	2.0
859	435	395.30499999999995	70.0	20.3
860	862	113.904	30.0	13.7
860	865	253.846	30.0	30.5
860	871	411.15899999999993	40.0	37.0
861	1164	24.859	30.0	3.0
861	867	551.062	30.0	66.1
861	869	160.39	30.7	18.8
862	867	2.696	30.0	0.3
862	860	113.904	30.0	13.7
862	132	208.24099999999999	30.0	25.0
863	1230	54.441	30.7	6.4
863	292	125.24799999999999	30.7	14.7
864	867	91.74199999999999	30.7	10.8
865	291	148.849	30.7	17.5
865	132	121.684	30.7	14.3
865	860	253.846	30.0	30.5
866	873	81.11200000000001	30.7	9.5
866	292	95.53300000000002	30.7	11.2
866	863	208.771	30.7	24.5
867	862	2.696	30.0	0.3
867	864	91.74199999999999	30.7	10.8
867	861	551.062	30.0	66.1
868	875	80.17800000000001	30.7	9.4
868	291	218.117	30.7	25.6
869	861	160.39000000000001	30.7	18.8
870	875	73.13300000000001	30.7	8.6
871	1393	14.251	30.0	1.7
871	860	411.15899999999993	40.0	37.0
871	878	331.25100000000003	30.0	39.8
872	876	131.534	30.7	15.4
873	1257	9.041	30.7	1.1
873	1393	84.653	30.0	10.2
873	866	81.112	30.7	9.5
874	1256	1.339	30.7	0.2
874	1255	183.677	30.7	21.5
874	875	81.97	30.7	9.6
875	870	73.13300000000001	30.7	8.6
875	868	80.178	30.7	9.4
875	874	81.97	30.7	9.6
876	132	260.534	30.7	30.6
876	290	281.03299999999996	30.7	33.0
876	872	131.534	30.7	15.4
877	868	157.42399999999998	30.7	18.5
877	1089	31.314	38.0	3.0
878	871	331.25100000000003	30.0	39.8
878	882	145.23099999999997	30.7	17.0
878	1378	67.51499999999999	50.0	4.9
879	884	178.242	30.7	20.9
879	911	12.716999999999999	50.0	0.9
880	878	60.347	50.0	4.3
880	883	104.811	30.0	12.6
881	883	111.708	20.0	20.1
882	913	8.968	50.0	0.6
883	1266	142.695	30.0	17.1
883	880	104.81099999999999	30.0	12.6
883	881	111.708	20.0	20.1
884	293	56.394999999999996	50.0	4.1
885	896	7.436	50.0	0.5
885	893	15.357	30.0	1.8
886	889	28.239000000000004	50.0	2.0
886	891	21.487000000000002	50.0	1.5
886	887	25.287	50.0	1.8
887	890	12.765	50.0	0.9
887	891	13.686	50.0	1.0
888	893	13.656	30.0	1.6
888	885	6.234	50.0	0.4
889	223	18.052	50.0	1.3
890	898	9.339	50.0	0.7
890	856	95.243	50.0	6.9
891	892	7.866	50.0	0.6
891	894	9.756	50.0	0.7
892	885	14.403	50.0	1.0
892	894	13.434000000000001	50.0	1.0
893	895	32.132999999999996	30.0	3.9
894	889	8.652	50.0	0.6
895	896	49.464	30.0	5.9
895	545	144.009	30.0	17.3
896	223	35.743	50.0	2.6
897	893	17.667	30.0	2.1
897	888	9.901	50.0	0.7
898	892	14.777999999999999	50.0	1.1
898	888	12.716000000000001	50.0	0.9
899	933	5.895	38.0	0.6
899	924	95.599	38.0	9.1
900	902	12.611	50.0	0.9
900	903	86.23499999999999	30.7	10.1
900	293	89.97800000000001	50.0	6.5
901	226	12.209	30.7	1.4
901	899	59.856	30.7	7.0
901	923	182.78	30.7	21.4
902	900	12.611	50.0	0.9
902	294	85.46700000000001	50.0	6.2
903	902	75.716	30.7	8.9
903	1294	63.277	30.7	7.4
904	131	185.314	38.0	17.6
904	906	101.676	30.0	12.2
904	918	231.297	50.0	16.7
905	1190	26.945999999999998	30.0	3.2
905	907	143.04100000000003	30.0	17.2
906	904	101.676	30.0	12.2
907	904	25.099999999999998	50.0	1.8
908	905	68.941	30.0	8.3
908	662	26.548	30.0	3.2
909	913	94.94900000000001	30.7	11.1
909	1159	143.197	20.0	25.8
910	296	89.485	30.7	10.5
910	914	101.145	30.7	11.9
910	951	48.431	30.7	5.7
910	924	82.344	30.7	9.7
911	914	88.08	30.7	10.3
911	227	72.768	50.0	5.2
912	909	66.177	30.7	7.8
912	227	92.00300000000001	38.0	8.7
912	926	98.99499999999999	38.0	9.4
913	909	94.94900000000001	30.7	11.1
913	155	72.763	50.0	5.2
914	910	101.14500000000001	30.7	11.9
914	911	88.08	30.7	10.3
914	933	81.672	30.7	9.6
915	917	12.479	30.7	1.5
915	916	67.752	30.7	7.9
915	224	28.734	30.7	3.4
915	1131	25.645	50.0	1.8
916	915	67.752	30.7	7.9
917	915	12.479	30.7	1.5
917	919	27.048000000000002	50.0	1.9
917	549	136.817	30.0	16.4
918	1131	27.904	50.0	2.0
918	917	11.013	50.0	0.8
919	915	27.313	50.0	2.0
919	1034	184.639	50.0	13.3
920	110	13.199000000000002	30.7	1.5
920	922	14.928	30.0	1.8
920	316	159.441	50.0	11.5
921	316	15.870999999999999	38.0	1.5
921	110	160.748	50.0	11.6
922	1208	70.198	30.0	8.4
922	920	14.928	30.0	1.8
922	1207	54.962	30.0	6.6
923	968	31.235999999999997	30.7	3.7
923	901	182.78	30.7	21.4
923	295	58.993	30.7	6.9
924	899	95.59899999999999	38.0	9.1
924	910	82.344	30.7	9.7
924	295	88.894	38.0	8.4
925	230	114.05399999999999	50.0	8.2
925	968	65.35	30.7	7.7
925	224	126.882	30.7	14.9
926	951	23.287	30.7	2.7
926	912	98.99499999999999	38.0	9.4
926	1163	41.754000000000005	38.0	4.0
927	367	404.305	30.0	48.5
927	694	10.498000000000001	30.0	1.3
928	1371	5.067	30.0	0.6
928	927	63.013000000000005	30.0	7.6
928	725	87.61200000000001	30.0	10.5
929	1076	4.128	30.0	0.5
929	651	71.93299999999999	30.0	8.6
929	655	53.384	30.0	6.4
930	652	51.711	30.0	6.2
931	367	27.261	30.0	3.3
931	930	63.556	20.1	11.4
931	366	51.746	30.0	6.2
932	908	114.14099999999999	30.0	13.7
932	655	95.39099999999999	30.0	11.4
933	899	5.895	38.0	0.6
933	299	5.637	38.0	0.5
933	914	81.672	30.7	9.6
934	527	3.348	30.0	0.4
935	83	144.161	50.0	10.4
935	208	21.957	50.0	1.6
935	82	31.539	50.0	2.3
936	1295	227.035	30.7	26.6
936	1329	140.35399999999998	50.0	10.1
936	484	523.055	50.0	37.7
936	938	242.208	30.7	28.4
937	1062	255.51	50.0	18.4
937	1358	233.34100000000004	30.7	27.4
938	937	130.562	50.0	9.4
938	936	242.20799999999997	30.7	28.4
939	1331	33.062	50.0	2.4
939	1358	21.54	30.7	2.5
939	941	27.149	30.7	3.2
939	1329	25.776	50.0	1.9
940	606	310.53599999999994	50.0	22.4
940	1275	79.147	46.7	6.1
941	949	12.94	30.7	1.5
941	950	75.65	30.7	8.9
941	939	27.149	30.7	3.2
942	976	152.644	46.7	11.8
942	943	154.073	50.0	11.1
943	301	9.835	50.0	0.7
943	944	56.577	50.0	4.1
944	135	249.17000000000002	50.0	17.9
944	301	53.034	50.0	3.8
945	1330	260.908	30.7	30.6
945	949	472.665	30.7	55.4
946	943	262.416	50.0	18.9
947	485	10.531	46.7	0.8
947	948	52.653	37.1	5.1
947	483	117.598	46.7	9.1
948	605	64.925	46.7	5.0
949	941	12.94	30.7	1.5
949	945	472.665	30.7	55.4
949	1330	27.136	30.7	3.2
950	941	75.65	30.7	8.9
951	926	23.287	30.7	2.7
951	910	48.431	30.7	5.7
951	297	168.292	30.7	19.7
952	24	72.32	46.7	5.6
952	953	114.316	30.7	13.4
953	952	114.316	30.7	13.4
954	961	75.481	30.7	8.9
954	956	92.55399999999999	30.0	11.1
954	959	80.164	30.7	9.4
955	961	70.416	30.7	8.3
955	669	146.452	30.0	17.6
955	960	95.74199999999999	30.0	11.5
956	958	80.013	30.0	9.6
956	954	92.55399999999999	30.0	11.1
956	957	76.506	30.0	9.2
957	960	84.733	30.0	10.2
957	956	76.506	30.0	9.2
957	961	93.2	30.0	11.2
958	956	80.013	30.0	9.6
958	1142	83.011	30.0	10.0
958	959	93.672	30.0	11.2
959	954	80.164	30.7	9.4
959	958	93.67200000000001	30.0	11.2
959	670	98.01199999999999	30.0	11.8
960	957	84.733	30.0	10.2
960	955	95.74199999999999	30.0	11.5
960	1145	83.916	30.0	10.1
961	954	75.481	30.7	8.9
961	955	70.416	30.7	8.3
961	957	93.19999999999999	30.0	11.2
962	963	10.190000000000001	46.7	0.8
962	491	32.143	50.0	2.3
963	964	9.198	46.7	0.7
964	482	10.251	46.7	0.8
964	479	36.832	50.0	2.7
965	481	19.182000000000002	50.0	1.4
965	966	10.799999999999999	46.7	0.8
966	962	11.568000000000001	46.7	0.9
967	481	17.047	50.0	1.2
967	979	19.947	50.0	1.4
967	491	74.856	37.1	7.3
968	1058	55.887	30.7	6.6
968	923	31.235999999999997	30.7	3.7
968	925	65.35	30.7	7.7
969	970	76.756	30.7	9.0
970	969	76.756	30.7	9.0
970	856	99.964	30.7	11.7
970	971	28.085	30.7	3.3
971	970	28.085	30.7	3.3
972	1089	374.254	37.1	36.3
973	1211	46.115	30.0	5.5
973	1132	105.302	30.0	12.6
973	974	60.202	37.1	5.8
974	973	60.202000000000005	37.1	5.8
975	1388	7.35	50.0	0.5
975	1279	59.827	30.0	7.2
976	604	92.59599999999999	46.7	7.1
976	1065	224.25700000000003	30.7	26.3
977	318	123.814	30.0	14.9
977	978	178.297	30.0	21.4
978	977	178.297	30.0	21.4
978	497	157.38899999999998	30.0	18.9
979	967	19.947	50.0	1.4
979	1068	39.953	50.0	2.9
980	1372	21.372	30.0	2.6
980	1128	12.508	30.0	1.5
981	88	54.967999999999996	40.0	4.9
982	101	64.384	30.0	7.7
983	984	83.913	30.7	9.8
983	122	46.534000000000006	30.0	5.6
984	983	83.913	30.7	9.8
985	725	63.212	30.0	7.6
985	694	77.833	30.0	9.3
985	667	12.273	30.0	1.5
986	1364	11.7	30.0	1.4
987	139	38.233999999999995	50.0	2.8
987	117	55.772000000000006	50.0	4.0
988	1220	156.11599999999999	30.7	18.3
988	571	39.456999999999994	30.7	4.6
989	72	219.85399999999998	50.0	15.8
989	63	34.558	50.0	2.5
990	127	71.947	38.0	6.8
990	104	19.095	38.0	1.8
990	991	88.298	30.0	10.6
991	104	52.363	30.0	6.3
991	990	88.298	30.0	10.6
992	495	80.83500000000001	30.0	9.7
992	372	149.32399999999998	30.0	17.9
992	1183	276.147	30.0	33.1
993	76	15.065999999999999	38.0	1.4
993	12	43.515	38.0	4.1
994	993	17.481	38.0	1.7
994	452	19.945	38.0	1.9
995	47	22.86	38.0	2.2
996	997	60.318	30.0	7.2
996	1012	55.832	30.0	6.7
997	1338	16.028	20.0	2.9
997	996	60.318000000000005	30.0	7.2
998	176	19.978	30.0	2.4
998	999	17.292	50.0	1.2
999	177	195.316	50.0	14.1
1000	1003	61.663	20.0	11.1
1001	1004	65.025	20.0	11.7
1002	1005	65.531	20.0	11.8
1003	1000	61.663	20.0	11.1
1003	1004	47.784	20.0	8.6
1003	1381	241.636	20.0	43.5
1004	1001	65.025	20.0	11.7
1004	1005	46.998	20.0	8.5
1004	1003	47.784	20.0	8.6
1005	1002	65.531	20.0	11.8
1005	1007	39.809	20.0	7.2
1005	1004	46.998	20.0	8.5
1005	1006	39.685	20.0	7.1
1006	1005	39.685	20.0	7.1
1006	679	36.908	20.0	6.6
1006	1232	309.937	20.0	55.8
1007	1005	39.809	20.0	7.2
1007	679	33.092	20.0	6.0
1007	677	95.03399999999999	20.0	17.1
1008	1009	49.955999999999996	30.0	6.0
1008	1011	86.458	30.0	10.4
1008	1147	24.362000000000002	30.7	2.9
1009	1010	43.121	30.0	5.2
1009	1011	68.241	30.0	8.2
1010	996	194.685	30.0	23.4
1010	1012	107.31800000000001	30.0	12.9
1011	1012	58.059	30.0	7.0
1011	1008	86.45800000000001	30.0	10.4
1012	996	55.832	30.0	6.7
1012	1011	58.059000000000005	30.0	7.0
1013	1368	38.47	30.7	4.5
1013	1373	40.01	30.0	4.8
1014	713	41.39	50.0	3.0
1014	1013	88.67300000000002	30.0	10.6
1014	109	19.904	50.0	1.4
1015	85	6.377	50.0	0.5
1016	1018	19.793	46.7	1.5
1017	1018	25.667	46.7	2.0
1017	1016	17.026	46.7	1.3
1018	1252	9.437	46.7	0.7
1019	1287	12.164	46.7	0.9
1019	504	166.796	46.7	12.9
1020	1038	52.477000000000004	37.1	5.1
1020	814	41.232	38.0	3.9
1020	822	74.462	38.0	7.1
1021	202	22.044	30.0	2.6
1021	1	92.382	30.0	11.1
1022	1021	19.776	30.0	2.4
1023	1022	10.914	30.0	1.3
1023	1383	22.992	30.0	2.8
1024	1343	10.701	30.7	1.3
1024	417	120.502	30.0	14.5
1025	416	19.442	30.7	2.3
1025	419	42.179	30.0	5.1
1026	1032	82.215	30.0	9.9
1026	1394	141.553	30.0	17.0
1027	1380	248.29899999999998	50.0	17.9
1027	1028	81.651	46.7	6.3
1028	1029	35.666	46.7	2.7
1028	1078	195.811	30.0	23.5
1028	1027	81.651	46.7	6.3
1029	1028	35.666	46.7	2.7
1029	1100	274.94999999999993	30.0	33.0
1029	1030	111.158	46.7	8.6
1030	495	680.497	46.7	52.5
1030	444	229.21999999999994	30.7	26.9
1030	1029	111.15800000000002	46.7	8.6
1031	1032	163.868	30.0	19.7
1031	429	68.547	30.0	8.2
1032	1026	82.215	30.0	9.9
1032	100	64.159	30.0	7.7
1033	1035	76.551	30.7	9.0
1033	135	46.525	30.7	5.5
1034	1033	73.90299999999999	30.7	8.7
1034	919	184.63899999999998	50.0	13.3
1034	135	38.973	50.0	2.8
1035	1033	76.551	30.7	9.0
1036	130	214.183	30.0	25.7
1036	17	26.102	30.0	3.1
1037	808	76.687	30.0	9.2
1038	1020	52.477000000000004	37.1	5.1
1039	1204	44.184	37.1	4.3
1040	1041	16.534	46.7	1.3
1040	1304	48.873999999999995	46.7	3.8
1040	198	101.427	46.7	7.8
1041	1040	16.534	46.7	1.3
1041	1042	51.141999999999996	46.7	3.9
1042	1040	49.775	46.7	3.8
1042	1325	133.02	50.0	9.6
1043	1045	14.69	46.7	1.1
1043	1044	9.864999999999998	50.0	0.7
1044	524	86.671	30.0	10.4
1044	1325	24.595	50.0	1.8
1045	123	9.098	50.0	0.7
1045	107	201.772	46.7	15.6
1045	1337	112.303	50.0	8.1
1046	107	9.606	50.0	0.7
1046	123	200.941	50.0	14.5
1047	1327	19.281	46.7	1.5
1048	1050	151.94299999999998	30.0	18.2
1049	321	17.985	46.7	1.4
1049	1050	15.355	30.7	1.8
1050	321	10.513	30.7	1.2
1050	1048	151.94299999999998	30.0	18.2
1050	1328	67.033	46.7	5.2
1051	1134	135.276	20.0	24.3
1051	92	120.369	40.0	10.8
1051	1384	33.089	50.0	2.4
1051	1320	64.381	46.7	5.0
1052	1037	23.647	46.7	1.8
1053	1052	25.711	30.7	3.0
1054	1083	5.743	30.0	0.7
1054	1066	44.629	40.0	4.0
1055	1067	174.18099999999998	30.7	20.4
1055	1083	28.46	30.0	3.4
1055	1084	48.479	40.0	4.4
1056	555	13.64	30.0	1.6
1056	1057	43.184	30.0	5.2
1056	375	37.881	30.0	4.5
1057	1056	43.184	30.0	5.2
1058	968	55.887	30.7	6.6
1059	216	68.344	30.0	8.2
1059	1060	42.266	30.7	5.0
1060	1059	42.266	30.7	5.0
1060	192	41.949999999999996	30.7	4.9
1060	182	66.478	30.0	8.0
1061	742	55.105	30.0	6.6
1061	743	93.796	30.0	11.3
1062	940	153.721	50.0	11.1
1063	684	24.52	30.0	2.9
1063	755	78.714	30.0	9.4
1064	164	197.77	50.0	14.2
1064	337	194.161	46.7	15.0
1065	1082	54.765	30.7	6.4
1065	1066	152.099	30.7	17.8
1066	1065	152.099	30.7	17.8
1066	1080	183.865	30.7	21.6
1066	229	118.32600000000001	50.0	8.5
1066	1054	44.629	40.0	4.0
1067	1396	30.638	30.7	3.6
1067	1054	129.991	30.7	15.2
1068	480	74.294	50.0	5.3
1069	529	16.227	30.0	1.9
1069	608	103.726	30.0	12.4
1070	610	67.609	30.0	8.1
1071	527	36.217999999999996	30.0	4.3
1072	1073	9.026	30.0	1.1
1072	649	28.203	30.0	3.4
1072	1070	62.332	30.0	7.5
1073	1072	9.026	30.0	1.1
1073	528	95.87200000000001	30.0	11.5
1074	1071	55.143	30.0	6.6
1074	654	100.687	30.0	12.1
1075	654	67.167	30.0	8.1
1075	657	103.70100000000001	30.0	12.4
1076	929	4.128	30.0	0.5
1076	645	185.65	30.0	22.3
1077	646	102.379	30.0	12.3
1078	1028	195.81099999999998	30.0	23.5
1078	429	88.569	30.0	10.6
1079	1176	119.864	20.0	21.6
1080	1081	150.50499999999997	30.7	17.6
1080	1066	183.86499999999998	30.7	21.6
1080	303	173.9	38.0	16.5
1080	1133	72.149	38.0	6.8
1081	1080	150.505	30.7	17.6
1081	1086	135.459	38.0	12.8
1081	1321	70.887	38.0	6.7
1082	1065	54.765	30.7	6.4
1082	230	334.13800000000003	30.7	39.2
1082	1083	132.25500000000002	30.7	15.5
1083	1054	5.743	30.0	0.7
1083	1055	28.46	30.0	3.4
1084	1055	48.479	40.0	4.4
1084	1253	95.93299999999999	50.0	6.9
1084	1085	90.793	37.1	8.8
1085	1084	90.79299999999999	37.1	8.8
1086	1163	349.55099999999993	38.0	33.1
1086	1081	135.459	38.0	12.8
1086	1087	41.031	50.0	3.0
1086	303	154.838	30.0	18.6
1087	1374	166.42799999999997	50.0	12.0
1087	1088	50.698	50.0	3.7
1087	1086	41.031000000000006	50.0	3.0
1088	1087	50.698	50.0	3.7
1089	972	374.254	37.1	36.3
1089	222	79.738	38.0	7.6
1090	261	38.308	30.7	4.5
1090	260	45.527	30.7	5.3
1090	1091	79.717	30.7	9.3
1091	1090	79.71700000000001	30.7	9.3
1092	822	71.653	30.7	8.4
1093	1190	30.682	30.0	3.7
1094	1095	309.8179999999999	30.0	37.2
1095	1094	309.81800000000004	30.0	37.2
1095	1096	43.84	30.0	5.3
1095	1097	31.585	30.0	3.8
1096	1095	43.839999999999996	30.0	5.3
1097	1101	130.531	30.0	15.7
1097	1098	64.19099999999999	30.0	7.7
1097	1095	31.585	30.0	3.8
1098	1097	64.191	30.0	7.7
1099	1219	66.89	30.0	8.0
1100	1029	274.95	30.0	33.0
1100	1102	255.40999999999997	30.0	30.6
1100	381	343.26099999999997	30.0	41.2
1101	1097	130.531	30.0	15.7
1101	1219	58.412000000000006	30.0	7.0
1101	1102	60.78999999999999	30.0	7.3
1102	1100	255.41000000000003	30.0	30.6
1102	1101	60.78999999999999	30.0	7.3
1102	380	151.683	30.0	18.2
1103	142	144.896	30.7	17.0
1104	1103	47.08	30.7	5.5
1104	540	33.35	30.7	3.9
1105	1106	129.914	30.0	15.6
1105	1349	277.938	50.0	20.0
1105	1148	96.225	30.7	11.3
1106	1108	214.39999999999998	30.0	25.7
1106	1107	89.044	30.0	10.7
1106	1105	129.91400000000002	30.0	15.6
1107	1109	214.00600000000003	30.0	25.7
1107	1106	89.044	30.0	10.7
1107	1153	108.209	30.0	13.0
1108	1106	214.39999999999998	30.0	25.7
1108	1109	88.615	30.0	10.6
1109	1107	214.00600000000003	30.0	25.7
1109	1108	88.615	30.0	10.6
1110	1276	69.778	30.7	8.2
1110	1272	110.96900000000001	50.0	8.0
1110	161	66.508	50.0	4.8
1111	1322	202.529	30.0	24.3
1111	1139	157.678	30.7	18.5
1112	196	222.11399999999998	50.0	16.0
1112	197	29.776	46.7	2.3
1113	560	18.868000000000002	30.7	2.2
1113	562	32.217	30.0	3.9
1114	553	270.93799999999993	30.0	32.5
1114	519	117.667	30.0	14.1
1115	553	195.235	30.0	23.4
1115	526	137.659	30.0	16.5
1115	525	9.191	30.0	1.1
1116	812	70.23	50.0	5.1
1116	1375	17.072000000000003	50.0	1.2
1117	443	47.222	30.7	5.5
1118	1290	127.132	20.0	22.9
1118	1357	36.521	50.0	2.6
1119	110	490.058	20.0	88.2
1120	1121	80.24	30.7	9.4
1120	7	282.937	46.7	21.8
1121	1120	80.24000000000001	30.7	9.4
1122	235	264.825	20.0	47.7
1123	169	6.114	30.0	0.7
1123	1124	27.503	30.0	3.3
1123	626	44.138999999999996	30.0	5.3
1124	1225	92.345	30.0	11.1
1124	169	26.603	30.0	3.2
1125	138	135.706	46.7	10.5
1125	778	170.81699999999998	30.7	20.0
1125	115	85.70400000000001	46.7	6.6
1126	1127	23.436999999999998	30.7	2.7
1126	783	14.280999999999999	30.7	1.7
1127	806	151.38	30.0	18.2
1127	783	19.907	46.7	1.5
1128	700	144.166	30.0	17.3
1129	265	32.405	38.0	3.1
1129	278	18.241	38.0	1.7
1130	264	10.611	38.0	1.0
1131	1193	13.472	50.0	1.0
1132	857	19.369999999999997	30.0	2.3
1132	973	105.302	30.0	12.6
1132	1389	76.895	30.0	9.2
1133	1080	72.149	38.0	6.8
1133	300	48.335	38.0	4.6
1134	1051	135.276	20.0	24.3
1134	724	114.604	20.0	20.6
1134	109	136.193	20.0	24.5
1135	1047	8.983	30.0	1.1
1135	1046	190.65800000000002	50.0	13.7
1136	606	166.334	50.0	12.0
1136	300	23.906	50.0	1.7
1137	718	8.280999999999999	30.0	1.0
1138	580	104.344	30.7	12.2
1139	811	5.23	30.0	0.6
1139	1140	104.359	30.0	12.5
1140	811	103.79699999999998	30.0	12.5
1140	1322	65.785	30.0	7.9
1141	1339	35.448	30.7	4.2
1141	1142	16.374000000000002	30.0	2.0
1141	1143	158.03000000000003	38.0	15.0
1142	1154	302.221	38.0	28.6
1142	958	83.011	30.0	10.0
1142	1141	16.374000000000002	30.0	2.0
1143	1144	83.96	38.0	8.0
1143	676	86.61099999999999	30.0	10.4
1144	1145	16.826999999999998	30.7	2.0
1144	1146	80.19800000000001	38.0	7.6
1145	1144	16.826999999999998	30.7	2.0
1145	960	83.916	30.0	10.1
1145	1142	242.15200000000002	38.0	22.9
1146	1147	6.827	38.0	0.6
1146	47	141.80899999999997	38.0	13.4
1147	1146	6.827	38.0	0.6
1147	1145	77.775	38.0	7.4
1147	1008	24.362000000000002	30.7	2.9
1148	1149	115.607	38.0	11.0
1148	1157	56.263999999999996	38.0	5.3
1148	1105	96.225	30.7	11.3
1149	1150	96.84700000000001	38.0	9.2
1149	1308	270.43799999999993	30.0	32.5
1150	1151	21.594	38.0	2.0
1151	1141	296.245	38.0	28.1
1151	1154	18.506	38.0	1.8
1151	1339	332.313	30.0	39.9
1152	1150	17.891	38.0	1.7
1152	1148	211.87300000000005	38.0	20.1
1153	1152	7.423	38.0	0.7
1153	1107	108.20899999999997	30.0	13.0
1154	1153	7.552	38.0	0.7
1155	1194	5.209	50.0	0.4
1155	942	139.017	50.0	10.0
1156	402	43.995	30.0	5.3
1156	447	57.383	30.0	6.9
1157	76	101.46000000000001	38.0	9.6
1157	1148	56.39800000000001	38.0	5.3
1158	1381	43.885	20.0	7.9
1158	675	10.68	20.0	1.9
1158	1382	144.593	20.0	26.0
1159	909	143.197	20.0	25.8
1159	1163	113.682	20.1	20.4
1160	1161	299.672	30.0	36.0
1161	1160	299.672	30.0	36.0
1161	1233	195.76199999999997	30.0	23.5
1161	1298	153.582	30.0	18.4
1162	352	227.592	30.0	27.3
1163	926	41.754000000000005	38.0	4.0
1163	1086	349.551	38.0	33.1
1164	288	107.62699999999998	46.7	8.3
1164	861	24.859	30.0	3.0
1165	830	108.516	30.7	12.7
1166	1167	35.137	45.8	2.8
1167	1166	35.137	45.8	2.8
1167	268	132.118	50.0	9.5
1168	1246	30.874000000000002	30.0	3.7
1168	260	110.06700000000001	30.0	13.2
1169	423	8.227	30.0	1.0
1169	421	207.603	30.0	24.9
1170	422	117.568	30.0	14.1
1170	1169	22.735	30.0	2.7
1171	358	94.948	30.7	11.1
1172	251	37.853	30.0	4.5
1173	250	36.408	30.0	4.4
1174	378	21.055	30.0	2.5
1174	556	184.52599999999998	30.0	22.1
1175	1176	13.852	20.0	2.5
1175	445	17.618	30.7	2.1
1176	445	14.699	20.0	2.6
1176	1079	119.864	20.0	21.6
1177	381	147.25	30.0	17.7
1178	1224	102.53899999999999	30.0	12.3
1178	1179	27.302999999999997	30.0	3.3
1179	1178	27.302999999999997	30.0	3.3
1179	1180	74.089	30.0	8.9
1180	757	16.42	30.7	1.9
1180	1179	74.089	30.0	8.9
1180	322	16.662	30.0	2.0
1181	758	54.504000000000005	30.0	6.5
1181	755	109.55600000000001	30.7	12.8
1182	383	2.931	50.0	0.2
1182	382	100.921	30.0	12.1
1183	377	112.10600000000001	30.0	13.5
1183	992	276.147	30.0	33.1
1183	1184	57.37799999999999	30.7	6.7
1184	1184	55.560999999999986	30.7	6.5
1184	1184	55.56099999999999	30.7	6.5
1184	1183	57.378	30.7	6.7
1185	63	10.656	30.0	1.3
1185	989	32.815	50.0	2.4
1186	1380	149.511	50.0	10.8
1186	1185	15.928	50.0	1.1
1187	440	17.648000000000003	30.7	2.1
1187	441	32.536	30.7	3.8
1188	57	146.344	30.0	17.6
1189	708	127.892	30.0	15.3
1189	704	216.00500000000005	30.0	25.9
1189	80	29.287999999999997	30.0	3.5
1190	905	26.945999999999998	30.0	3.2
1190	662	68.897	30.0	8.3
1190	1093	30.682	30.0	3.7
1191	444	56.401	30.7	6.6
1191	1192	143.08800000000002	30.7	16.8
1192	1191	143.088	30.7	16.8
1193	131	204.053	50.0	14.7
1194	1155	5.209	50.0	0.4
1194	1333	58.504000000000005	30.7	6.9
1194	166	214.748	50.0	15.5
1195	530	74.642	30.0	9.0
1195	1196	9.545	38.0	0.9
1196	1198	12.019	38.0	1.1
1196	963	252.82799999999997	30.0	30.3
1197	1195	10.401	38.0	1.0
1198	565	31.739999999999995	30.0	3.8
1198	1197	9.834999999999999	38.0	0.9
1199	664	82.25500000000001	30.7	9.6
1200	1201	63.049	30.7	7.4
1201	1200	63.049	30.7	7.4
1201	128	32.466	30.7	3.8
1201	1202	114.914	30.7	13.5
1202	1201	114.914	30.7	13.5
1203	1053	6.39	30.0	0.8
1203	1204	27.658	37.1	2.7
1204	1039	44.184	37.1	4.3
1204	1205	9.183	37.1	0.9
1204	1203	27.657999999999998	37.1	2.7
1205	1204	9.183	37.1	0.9
1206	316	131.838	30.0	15.8
1206	1209	138.159	30.0	16.6
1207	1210	73.855	30.0	8.9
1207	922	54.962	30.0	6.6
1207	1208	108.172	30.0	13.0
1208	1209	2.858	30.0	0.3
1208	922	70.198	30.0	8.4
1209	1208	2.858	30.0	0.3
1209	1317	41.213	30.0	4.9
1209	1206	138.159	30.0	16.6
1210	1207	73.855	30.0	8.9
1211	1279	46.518	30.0	5.6
1211	973	46.115	30.0	5.5
1211	1212	59.629999999999995	30.0	7.2
1212	1211	59.63	30.0	7.2
1212	1279	41.76499999999999	30.7	4.9
1213	635	28.382	20.0	5.1
1214	181	29.744999999999997	46.7	2.3
1214	219	28.704	46.7	2.2
1215	1344	94.529	30.0	11.3
1215	744	61.151999999999994	25.0	8.8
1216	79	44.117999999999995	50.0	3.2
1216	703	160.80700000000002	30.7	18.9
1217	1076	127.90400000000001	30.0	15.3
1217	908	143.587	30.0	17.2
1218	1219	92.461	30.0	11.1
1219	1218	92.461	30.0	11.1
1219	1099	66.89	30.0	8.0
1219	1101	58.412000000000006	30.0	7.0
1220	573	104.903	30.7	12.3
1220	570	52.361999999999995	30.7	6.1
1221	129	23.059	46.7	1.8
1221	86	13.066	50.0	0.9
1221	106	7.157	46.7	0.6
1222	572	19.02	46.7	1.5
1223	1217	1.74	30.0	0.2
1224	361	119.835	20.1	21.5
1224	16	63.742	30.0	7.6
1224	1178	102.53899999999999	30.0	12.3
1224	681	94.16499999999999	30.0	11.3
1225	1124	92.345	30.0	11.1
1225	1226	20.647	30.0	2.5
1226	727	2.714	30.0	0.3
1226	1225	20.322	30.0	2.4
1227	728	2.677	30.0	0.3
1227	1228	25.033	30.0	3.0
1228	40	82.255	30.0	9.9
1228	1227	25.947000000000003	30.0	3.1
1229	824	66.578	30.7	7.8
1229	1229	49.785000000000004	30.7	5.8
1229	1229	49.785	30.7	5.8
1230	863	54.441	30.7	6.4
1231	1382	131.566	20.0	23.7
1232	1006	309.937	20.0	55.8
1233	794	381.241	20.0	68.6
1233	698	51.914	30.0	6.2
1233	1161	195.762	30.0	23.5
1234	830	72.09899999999999	30.7	8.5
1234	829	82.894	30.7	9.7
1234	1340	121.796	20.0	21.9
1235	35	115.394	46.7	8.9
1235	1236	33.007	30.7	3.9
1235	27	14.385	46.7	1.1
1236	283	18.219	46.7	1.4
1237	35	70.732	30.0	8.5
1237	1238	25.662	30.0	3.1
1238	246	2.243	30.0	0.3
1238	1237	25.601	30.0	3.1
1239	246	54.779	30.0	6.6
1239	1240	23.253	30.0	2.8
1240	20	2.549	30.0	0.3
1240	1239	23.186999999999998	30.0	2.8
1241	1242	139.881	30.7	16.4
1242	1241	139.881	30.7	16.4
1242	426	71.558	50.0	5.2
1243	164	28.314	46.7	2.2
1243	1336	178.99699999999999	50.0	12.9
1244	600	242.265	30.0	29.1
1244	600	306.5979999999999	30.0	36.8
1244	1245	32.67100000000001	30.0	3.9
1245	1244	32.67100000000001	30.0	3.9
1245	207	69.562	50.0	5.0
1246	1168	30.904000000000003	30.0	3.7
1246	259	40.040000000000006	30.0	4.8
1247	253	203.171	50.0	14.6
1247	254	20.379	50.0	1.5
1248	1249	68.217	30.7	8.0
1249	1250	22.714000000000002	38.0	2.2
1249	128	19.461	38.0	1.8
1249	1248	68.217	30.7	8.0
1250	1249	22.714	38.0	2.2
1250	815	149.868	38.0	14.2
1251	0	214.594	46.7	16.5
1251	1017	42.336	46.7	3.3
1253	1084	95.93299999999999	50.0	6.9
1253	230	126.16700000000002	50.0	9.1
1253	1280	133.211	50.0	9.6
1254	483	139.905	50.0	10.1
1254	1288	91.012	30.7	10.7
1255	293	32.817	30.7	3.8
1255	874	183.67700000000002	30.7	21.5
1256	874	1.339	30.7	0.2
1256	1257	15.253	30.7	1.8
1257	873	9.041	30.7	1.1
1257	1256	17.855	30.7	2.1
1258	669	120.75399999999999	30.0	14.5
1258	1273	73.19800000000001	30.7	8.6
1259	1261	52.803	30.0	6.3
1259	880	124.878	50.0	9.0
1260	1261	45.349	30.0	5.4
1261	1262	20.197	30.0	2.4
1261	1260	45.349000000000004	30.0	5.4
1261	1259	52.803	30.0	6.3
1262	1261	20.197	30.0	2.4
1262	1263	53.946	30.0	6.5
1262	1265	43.653	30.0	5.2
1263	1262	53.946	30.0	6.5
1264	1265	83.27000000000001	30.0	10.0
1265	1262	43.653	30.0	5.2
1265	1266	44.077	30.0	5.3
1265	1264	83.27000000000001	30.0	10.0
1266	1265	44.077	30.0	5.3
1266	1206	90.539	30.0	10.9
1267	1268	3.228	30.7	0.4
1268	1269	15.313	30.7	1.8
1268	1267	3.228	30.7	0.4
1268	1271	27.741	30.7	3.3
1269	1270	3.793	30.7	0.4
1269	1268	15.313	30.7	1.8
1270	1269	3.793	30.7	0.4
1271	70	113.543	50.0	8.2
1271	1272	14.89	50.0	1.1
1272	1269	27.884999999999998	30.7	3.3
1272	1271	14.89	50.0	1.1
1272	1110	110.969	50.0	8.0
1273	1258	73.19800000000001	30.7	8.6
1274	1275	107.19	20.0	19.3
1274	1062	70.099	20.0	12.6
1275	940	79.147	46.7	6.1
1275	483	266.13100000000003	46.7	20.5
1275	1274	107.19	20.0	19.3
1276	1110	69.778	30.7	8.2
1277	288	16.757	46.7	1.3
1277	289	38.121	46.7	2.9
1278	1277	22.105999999999998	30.7	2.6
1278	289	43.866	30.7	5.1
1279	1211	46.518	30.0	5.6
1279	975	59.82700000000001	30.0	7.2
1279	1212	41.76499999999999	30.7	4.9
1280	923	253.53800000000004	37.1	24.6
1280	303	61.352000000000004	50.0	4.4
1280	1253	133.211	50.0	9.6
1281	0	9.067	38.0	0.9
1282	1281	8.127	30.7	1.0
1282	11	13.57	38.0	1.3
1283	1284	11.236	30.0	1.3
1283	11	362.97	30.0	43.6
1284	1285	25.073999999999998	38.0	2.4
1284	1283	10.307	30.0	1.2
1285	1284	25.073999999999998	38.0	2.4
1285	12	11.885	38.0	1.1
1286	1019	9.828	46.7	0.8
1286	737	77.029	30.0	9.2
1287	105	216.239	40.0	19.5
1287	478	70.543	30.0	8.5
1288	1254	91.012	30.7	10.7
1289	1290	35.067	30.0	4.2
1290	1289	35.067	30.0	4.2
1290	1291	33.685	30.0	4.0
1291	1290	33.685	30.0	4.0
1291	1346	69.17999999999999	50.0	5.0
1292	298	68.50699999999999	30.7	8.0
1292	303	131.82	38.0	12.5
1292	295	134.553	38.0	12.7
1293	226	52.158	30.7	6.1
1294	903	63.277	30.7	7.4
1294	225	39.287	30.7	4.6
1295	936	227.035	30.7	26.6
1296	461	34.983	30.7	4.1
1296	387	9.174	30.7	1.1
1296	1297	36.89	30.7	4.3
1297	458	13.278	30.7	1.6
1297	457	46.953	30.7	5.5
1297	1296	36.89	30.7	4.3
1298	1161	153.582	30.0	18.4
1299	1112	18.269	46.7	1.4
1299	197	16.291	30.7	1.9
1300	521	10.029	30.7	1.2
1300	1299	30.125999999999998	46.7	2.3
1301	198	100.067	46.7	7.7
1301	1300	39.120000000000005	46.7	3.0
1302	761	30.137	20.1	5.4
1302	424	76.299	30.0	9.2
1302	763	29.211000000000002	30.0	3.5
1303	361	51.489	20.1	9.2
1303	326	54.881	30.0	6.6
1304	336	11.588	46.7	0.9
1304	1305	3.971	50.0	0.3
1305	1041	48.54700000000001	46.7	3.7
1306	293	74.402	30.7	8.7
1307	679	36.903	20.0	6.6
1308	1309	17.185	30.0	2.1
1308	1309	260.678	20.1	46.7
1308	1149	270.43800000000005	30.0	32.5
1309	1308	17.185	30.0	2.1
1309	1308	260.678	20.1	46.7
1309	1310	62.635	30.0	7.5
1310	1311	261.135	20.1	46.8
1310	1311	17.517	30.0	2.1
1310	1309	62.635	30.0	7.5
1311	1310	261.135	20.1	46.8
1311	1310	17.517	30.0	2.1
1311	1312	62.338	30.0	7.5
1312	673	42.03	20.1	7.5
1312	674	121.86500000000001	30.0	14.6
1312	1311	62.338	30.0	7.5
1313	414	15.386	30.7	1.8
1313	1314	81.376	30.7	9.5
1314	1313	81.376	30.7	9.5
1314	1315	33.916	30.7	4.0
1315	1314	34.022999999999996	30.7	4.0
1316	3	144.74200000000002	38.0	13.7
1317	1209	41.213	30.0	4.9
1318	1377	19.784	30.0	2.4
1319	739	19.303	46.7	1.5
1319	1320	40.806999999999995	46.7	3.1
1320	1051	64.381	46.7	5.0
1320	1319	40.331	46.7	3.1
1321	1081	70.887	38.0	6.7
1321	228	46.42400000000001	38.0	4.4
1321	1133	149.29799999999997	20.1	26.7
1322	1111	202.529	30.0	24.3
1322	1323	135.71999999999997	30.7	15.9
1323	46	233.515	30.7	27.4
1323	1334	161.24300000000002	30.0	19.3
1324	732	60.139	30.0	7.2
1325	1042	133.02	50.0	9.6
1325	1043	23.442999999999998	46.7	1.8
1326	749	21.471	50.0	1.5
1326	1215	152.37399999999997	20.0	27.4
1327	1328	82.37	46.7	6.3
1327	1135	24.014000000000003	50.0	1.7
1328	1327	82.37	46.7	6.3
1328	1049	55.946	46.7	4.3
1329	936	140.354	50.0	10.1
1329	1358	32.001	30.7	3.8
1329	939	25.776	50.0	1.9
1330	1331	17.217	30.7	2.0
1330	939	24.674	30.7	2.9
1330	949	27.136	30.7	3.2
1331	939	33.062	50.0	2.4
1331	1330	17.217	30.7	2.0
1331	483	334.18800000000005	50.0	24.1
1332	71	24.831	50.0	1.8
1332	639	30.628999999999998	30.0	3.7
1333	1194	58.504000000000005	30.7	6.9
1334	54	172.125	40.0	15.5
1334	810	78.239	30.0	9.4
1334	1323	161.243	30.0	19.3
1335	3	8.247	30.7	1.0
1335	487	77.15100000000001	30.7	9.0
1336	1352	47.326	50.0	3.4
1336	1243	178.997	50.0	12.9
1337	1045	112.303	50.0	8.1
1337	164	27.910000000000004	50.0	2.0
1337	1356	36.504	50.0	2.6
1338	997	16.028000000000002	20.0	2.9
1339	1151	332.313	30.0	39.9
1339	674	96.64699999999999	30.7	11.3
1339	1141	35.448	30.7	4.2
1340	1340	100.77700000000002	20.0	18.1
1340	1234	121.796	20.0	21.9
1341	665	72.66499999999999	30.7	8.5
1342	417	55.034	30.0	6.6
1343	415	1.475	30.7	0.2
1344	1215	94.529	30.0	11.3
1345	1354	126.54400000000001	46.7	9.8
1345	706	82.047	46.7	6.3
1345	1346	111.12400000000001	46.7	8.6
1346	1345	111.12399999999998	46.7	8.6
1346	584	144.73499999999999	50.0	10.4
1347	1348	24.317999999999998	30.7	2.9
1347	1349	10.17	30.7	1.2
1348	69	207.953	30.7	24.4
1348	1349	27.099	30.7	3.2
1349	1105	277.93800000000005	50.0	20.0
1349	1347	10.17	30.7	1.2
1350	456	94.929	30.7	11.1
1350	994	7.3229999999999995	38.0	0.7
1351	1116	14.357	30.7	1.7
1351	1375	13.875	30.7	1.6
1352	1359	12.938	50.0	0.9
1353	45	7.329	30.7	0.9
1353	1323	166.903	30.7	19.6
1354	1379	77.80199999999999	30.0	9.3
1354	1345	126.54400000000001	46.7	9.8
1354	1372	55.079	30.0	6.6
1355	315	374.154	45.8	29.4
1355	1064	54.977000000000004	50.0	4.0
1356	1355	119.59800000000001	50.0	8.6
1357	705	22.929000000000002	50.0	1.7
1357	584	16.203	50.0	1.2
1358	937	233.341	30.7	27.4
1358	939	21.54	30.7	2.5
1359	1352	12.938	50.0	0.9
1359	1336	60.555	50.0	4.4
1359	166	86.764	50.0	6.2
1360	40	126.05	30.0	15.1
1361	1360	80.931	30.0	9.7
1361	31	59.431	30.0	7.1
1362	1365	6.83	30.0	0.8
1362	765	43.003	20.0	7.7
1363	1360	25.768	30.0	3.1
1363	1362	80.375	30.0	9.6
1364	1363	31.951999999999998	30.0	3.8
1365	1362	6.83	30.0	0.8
1365	17	11.806	30.0	1.4
1365	1036	25.438	30.0	3.1
1366	1367	71.79500000000002	30.7	8.4
1367	389	153.125	30.0	18.4
1367	383	22.445	30.0	2.7
1367	1366	71.795	30.7	8.4
1368	162	58.68900000000001	50.0	4.2
1368	713	36.637	50.0	2.6
1369	981	123.884	30.0	14.9
1369	714	27.595	30.0	3.3
1370	261	13.91	30.7	1.6
1372	1128	21.473	30.0	2.6
1372	1354	55.079	30.0	6.6
1373	1013	40.01	30.0	4.8
1374	1087	166.428	50.0	12.0
1375	1116	17.072	50.0	1.2
1375	81	66.09100000000001	50.0	4.8
1376	143	5.527	30.0	0.7
1376	764	27.380000000000003	30.0	3.3
1377	986	4.526	30.0	0.5
1377	143	28.772000000000006	30.0	3.5
1378	884	100.98	50.0	7.3
1378	227	157.497	30.0	18.9
1378	1393	245.84199999999996	30.0	29.5
1379	162	388.968	50.0	28.0
1379	1354	77.802	30.0	9.3
1379	1326	108.989	40.0	9.8
1380	1394	24.07	30.7	2.8
1380	1027	248.29899999999995	50.0	17.9
1380	1186	149.511	50.0	10.8
1381	1158	43.885	20.0	7.9
1381	1003	241.63600000000002	20.0	43.5
1381	1382	109.789	20.0	19.8
1382	1231	131.566	20.0	23.7
1382	1158	144.593	20.0	26.0
1382	1381	109.78900000000002	20.0	19.8
1383	1385	38.304	30.0	4.6
1383	1022	22.858	30.0	2.7
1384	531	175.22899999999998	50.0	12.6
1384	1051	33.955	50.0	2.4
1385	1383	38.304	30.0	4.6
1385	1386	40.451	30.0	4.9
1386	601	93.28800000000001	30.0	11.2
1386	1385	40.318000000000005	30.0	4.8
1387	6	13.273	30.7	1.6
1387	796	25.419	46.7	2.0
1388	1212	137.252	30.0	16.5
1388	139	111.60400000000003	50.0	8.0
1389	1132	76.895	30.0	9.2
1390	1391	80.56500000000001	30.7	9.4
1391	677	184.24900000000002	30.7	21.6
1391	676	104.13799999999999	30.7	12.2
1391	1390	80.565	30.7	9.4
1392	16	151.74599999999998	30.0	18.2
1392	685	63.597	30.0	7.6
1393	871	14.251	30.0	1.7
1393	873	84.653	30.0	10.2
1393	1378	245.84199999999996	30.0	29.5
1394	1031	107.101	30.0	12.9
1395	668	147.072	30.0	17.6
1395	538	129.68599999999998	30.0	15.6
1396	1067	30.638	30.7	3.6
1397	671	115.101	20.0	20.7
1398	199	20.38	30.0	2.4
1398	200	43.26	30.0	5.2
1399	1398	55.452	30.0	6.7
1399	200	14.68	30.0	1.8
