node_id	x	y
0	6.1415448	48.6959172
1	6.1626202	48.6684994
2	6.17271	48.6723079
3	6.1391411	48.6996748
4	6.1745367	48.6717819
5	6.1642241	48.7013947
6	6.1660479	48.6993261
7	6.1636467	48.7027397
8	6.1622266	48.6694363
9	6.165306	48.6997243
10	6.164475	48.7007801
11	6.1415877	48.6961663
12	6.1429667	48.6994933
13	6.1731226	48.6839174
14	6.1765829	48.6956951
15	6.1614735	48.6845719
16	6.180321	48.6936887
17	6.1738972	48.6982122
18	6.1623139	48.6861381
19	6.1727857	48.6844057
20	6.1619793	48.683285
21	6.177584	48.6943022
22	6.1809458	48.692825
23	6.1610431	48.6856393
24	6.1734703	48.683431
25	6.1634252	48.6763723
26	6.1717534	48.6976653
27	6.1630446	48.6806159
28	6.1785053	48.6930339
29	6.1757052	48.6795209
30	6.1660256	48.686212
31	6.1730321	48.6980449
32	6.1743156	48.679264
33	6.1751432	48.6977318
34	6.1722656	48.6851857
35	6.1625869	48.6817425
36	6.1771784	48.6926196
37	6.1683101	48.6778911
38	6.1756217	48.6970405
39	6.1707456	48.6875937
40	6.1743309	48.6966357
41	6.1627616	48.6761616
42	6.1762923	48.6938958
43	6.1690741	48.6905522
44	6.1685383	48.6868777
45	6.1714969	48.6736005
46	6.1664156	48.6721577
47	6.1573941	48.7038325
48	6.16586	48.68822
49	6.1604497	48.6865654
50	6.1760133	48.6893039
51	6.1760717	48.6796898
52	6.1605966	48.6894394
53	6.1592296	48.6861941
54	6.1703984	48.6750833
55	6.1565745	48.6902891
56	6.1668029	48.698485
57	6.1755173	48.690603
58	6.1668169	48.6885129
59	6.177224	48.6911555
60	6.1655191	48.6931663
61	6.1672725	48.6963433
62	6.1697095	48.687257
63	6.164816	48.6956404
64	6.1791472	48.6886421
65	6.16689	48.6860104
66	6.1669809	48.6739427
67	6.1697332	48.6893981
68	6.1657036	48.6684181
69	6.1392435	48.7026812
70	6.1655897	48.6883782
71	6.1679482	48.6931892
72	6.1653975	48.6933863
73	6.1697638	48.6696095
74	6.1677598	48.6926705
75	6.1689242	48.6689026
76	6.142954	48.6999915
77	6.1664206	48.6688021
78	6.167081	48.6691644
79	6.1732952	48.6884291
80	6.177957	48.690175
81	6.1652357	48.6724988
82	6.1645925	48.6731285
83	6.1625154	48.6723441
84	6.1682074	48.6929463
85	6.168425	48.6925461
86	6.1681155	48.6923148
87	6.1678087	48.6928896
88	6.1729479	48.6903783
89	6.2065017	48.6770366
90	6.1790679	48.7017959
91	6.1708828	48.6911059
92	6.1876302	48.6833979
93	6.1760637	48.7019075
94	6.1751252	48.7028478
95	6.17447	48.700957
96	6.1752378	48.7032591
97	6.1842865	48.6825665
98	6.1715173	48.7016668
99	6.1793905	48.7082896
100	6.1642273	48.6979688
101	6.1779303	48.684355
102	6.1728434	48.6963112
103	6.1920154	48.7022534
104	6.1588566	48.6906873
105	6.1789306	48.6806247
106	6.1678616	48.6923854
107	6.1954432	48.6801275
108	6.1636122	48.6920966
109	6.1860023	48.6840651
110	6.2009339	48.6984868
111	6.1810956	48.7026397
112	6.2070618	48.6773292
113	6.176234	48.7046209
114	6.1753702	48.702705
115	6.1657395	48.699896
116	6.1652116	48.6988859
117	6.1857587	48.7010274
118	6.1674507	48.703358
119	6.1767154	48.7010133
120	6.1739761	48.7021989
121	6.1733937	48.7057657
122	6.1786961	48.6845
123	6.1972311	48.6787502
124	6.1581444	48.6878312
125	6.1897913	48.6957487
126	6.177138	48.7010497
127	6.1600399	48.6909324
128	6.1766741	48.7061073
129	6.1681205	48.6921851
130	6.1725862	48.7001759
131	6.1919255	48.6937495
132	6.1882656	48.701317
133	6.1824782	48.7020363
134	6.1686122	48.6921554
135	6.1937865	48.6895466
136	6.2061526	48.6766025
137	6.1766025	48.705875
138	6.168525	48.7006452
139	6.186189	48.7009883
140	6.1760139	48.6849892
141	6.1613729	48.689011
142	6.192858	48.6837346
143	6.1750941	48.6981352
144	6.1658644	48.6982154
145	6.1831582	48.6815616
146	6.1962548	48.6845267
147	6.1704391	48.6972528
148	6.1878149	48.7011405
149	6.1914775	48.6825586
150	6.165	48.6819327
151	6.1812081	48.6835516
152	6.1853768	48.686861
153	6.1750685	48.702668
154	6.1718426	48.7040336
155	6.1970927	48.6965382
156	6.1649368	48.693255
157	6.1777778	48.7008962
158	6.2064726	48.6768262
159	6.17182	48.690033
160	6.1767433	48.7012351
161	6.1616228	48.6892209
162	6.184699	48.6829502
163	6.1948962	48.6850571
164	6.1988031	48.6795909
165	6.1755818	48.704467
166	6.1972845	48.6825735
167	6.1767222	48.6841045
168	6.182893	48.681668
169	6.1710337	48.6957694
170	6.1740999	48.7049425
171	6.1587954	48.6847451
172	6.1599345	48.6851764
173	6.1617083	48.6869526
174	6.1605265	48.688515
175	6.1769894	48.672592
176	6.176615	48.6726985
177	6.173926	48.6733791
178	6.1730249	48.6741079
179	6.1717998	48.6755556
180	6.1697333	48.6783439
181	6.1658511	48.6822587
182	6.1685215	48.6859381
183	6.1712743	48.686632
184	6.1691249	48.6845816
185	6.165364	48.6830683
186	6.1643871	48.6849737
187	6.1637788	48.686445
188	6.1630078	48.6873458
189	6.1623368	48.6880321
190	6.1688148	48.6827131
191	6.168517	48.6835566
192	6.167408	48.6861582
193	6.1681578	48.6844351
194	6.1611822	48.6876527
195	6.1707197	48.684863
196	6.1947672	48.674137
197	6.196132	48.6760154
198	6.1978374	48.6767438
199	6.1652723	48.667445
200	6.1648635	48.6679493
201	6.164339	48.6684632
202	6.1638883	48.6689745
203	6.1639374	48.6691706
204	6.1638307	48.6692167
205	6.1623482	48.6682719
206	6.1622693	48.6682097
207	6.1612699	48.6718671
208	6.1644297	48.672871
209	6.1641447	48.672066
210	6.164347	48.6719063
211	6.1641825	48.6700081
212	6.1676354	48.6701707
213	6.1594568	48.688131
214	6.1622254	48.6798602
215	6.1591517	48.6848713
216	6.1665213	48.6852508
217	6.1662737	48.683211
218	6.1659691	48.6826132
219	6.166108	48.6822949
220	6.1649364	48.6838708
221	6.1660579	48.6841096
222	6.1904002	48.6957156
223	6.189998	48.695128
224	6.1932044	48.6918034
225	6.1935116	48.6946423
226	6.1942305	48.6940412
227	6.1957828	48.6958382
228	6.2028489	48.6899548
229	6.1994394	48.6880339
230	6.1953167	48.6912387
231	6.1741959	48.6824089
232	6.176812	48.6839666
233	6.1641156	48.6856776
234	6.1635819	48.6848642
235	6.1668065	48.6798142
236	6.1416377	48.6930938
237	6.1433584	48.6929191
238	6.1535366	48.6909351
239	6.1580386	48.6858315
240	6.1639712	48.6819397
241	6.1643117	48.6813085
242	6.171184	48.6763992
243	6.1661451	48.6813128
244	6.169063	48.6819421
245	6.1628787	48.6826913
246	6.1622489	48.6825928
247	6.1625922	48.6833851
248	6.1628117	48.6847566
249	6.1633108	48.6835149
250	6.1631101	48.6840307
251	6.1617726	48.6838043
252	6.1700805	48.686299
253	6.1767981	48.6727888
254	6.1751266	48.6744548
255	6.1656762	48.6824336
256	6.1648849	48.6820828
257	6.1704538	48.6854607
258	6.1718776	48.6857457
259	6.1745822	48.6739556
260	6.1732505	48.6753167
261	6.1726032	48.6759375
262	6.1718837	48.6766219
263	6.1704759	48.6773439
264	6.1941665	48.6740917
265	6.1943527	48.6736839
266	6.1820608	48.6756798
267	6.1804922	48.6748148
268	6.1701193	48.6699252
269	6.1779083	48.6822273
270	6.1750961	48.6811038
271	6.1755093	48.6805055
272	6.1732311	48.6800486
273	6.173597	48.6791709
274	6.1738985	48.68223
275	6.1718365	48.6816111
276	6.1739937	48.6820933
277	6.1744049	48.6821076
278	6.1944617	48.6738865
279	6.1801167	48.6787481
280	6.1779308	48.676976
281	6.171605	48.6712718
282	6.1722321	48.6707438
283	6.1636237	48.6809145
284	6.1632329	48.681826
285	6.1917911	48.6769823
286	6.1904703	48.6762878
287	6.1919416	48.6767701
288	6.1826023	48.7039322
289	6.1821285	48.7035504
290	6.181825	48.7033251
291	6.190041	48.699204
292	6.1903107	48.6990908
293	6.1929554	48.6964715
294	6.1941226	48.6949692
295	6.1965331	48.6930002
296	6.1973996	48.6934612
297	6.197958	48.6930099
298	6.19841	48.6924431
299	6.1948648	48.6943768
300	6.201317	48.6890685
301	6.1950421	48.6869632
302	6.1989713	48.691623
303	6.1988105	48.6911351
304	6.1835539	48.6947836
305	6.1714976	48.6831287
306	6.1711293	48.6839607
307	6.1713797	48.6850126
308	6.1718095	48.6840621
309	6.2053505	48.676816
310	6.2063459	48.6772401
311	6.2058911	48.6773641
312	6.2055242	48.6772729
313	6.2053337	48.6770861
314	6.2044264	48.6769496
315	6.1998524	48.6759602
316	6.1991244	48.6977352
317	6.1654751	48.6734308
318	6.1893783	48.679355
319	6.1865494	48.6773991
320	6.1923636	48.6804479
321	6.1918059	48.6824035
322	6.1792894	48.6961423
323	6.1793242	48.6962624
324	6.1791219	48.696215
325	6.1799916	48.6965904
326	6.1824072	48.6945833
327	6.1826586	48.694658
328	6.1813219	48.6968315
329	6.1772998	48.6968969
330	6.1778131	48.6918699
331	6.1765838	48.692416
332	6.1676626	48.6786419
333	6.1688967	48.6851021
334	6.1679507	48.6849518
335	6.1661697	48.6846849
336	6.1995322	48.6767583
337	6.2023222	48.6772079
338	6.1957063	48.6856229
339	6.1876973	48.6987888
340	6.1838487	48.7002612
341	6.1804804	48.6992677
342	6.1800452	48.7000263
343	6.1780126	48.6998371
344	6.1774911	48.698706
345	6.1754861	48.6982936
346	6.1689998	48.6816021
347	6.1714651	48.6824402
348	6.1708152	48.6745033
349	6.1721944	48.6749664
350	6.1777955	48.698397
351	6.1780163	48.6914093
352	6.1683893	48.6991078
353	6.1720878	48.6999687
354	6.1780458	48.7003679
355	6.1796394	48.700756
356	6.1787426	48.6977985
357	6.1768215	48.6971112
358	6.1789891	48.6974914
359	6.1764071	48.6974076
360	6.1813678	48.6949738
361	6.1815336	48.6947145
362	6.1808508	48.6958034
363	6.1804177	48.695703
364	6.1797416	48.6964626
365	6.179833	48.6924892
366	6.1801298	48.6920931
367	6.1805997	48.6914539
368	6.1674342	48.6887012
369	6.1685798	48.6890519
370	6.1547296	48.691516
371	6.1525285	48.6921426
372	6.1494814	48.6952624
373	6.1493674	48.6951101
374	6.1496948	48.6951332
375	6.1476998	48.6945671
376	6.1465199	48.6944288
377	6.1463664	48.6944971
378	6.1463845	48.6942855
379	6.1485697	48.6919751
380	6.1614035	48.6959219
381	6.1562799	48.6921849
382	6.1513914	48.6920607
383	6.1501412	48.6916459
384	6.1507865	48.6930441
385	6.1572533	48.6869381
386	6.1575478	48.6865254
387	6.1420743	48.7015543
388	6.158693	48.6898389
389	6.1482876	48.6906528
390	6.1468543	48.689792
391	6.1444285	48.6890125
392	6.1490216	48.6902569
393	6.147372	48.6913242
394	6.1459338	48.6904644
395	6.1479431	48.692104
396	6.1415176	48.6901908
397	6.1500784	48.6901553
398	6.142226	48.6901099
399	6.1444427	48.6927916
400	6.1433155	48.6899274
401	6.139603	48.6904922
402	6.1422441	48.6930278
403	6.1391791	48.6921135
404	6.1418283	48.6913672
405	6.140477	48.691566
406	6.1432571	48.6926593
407	6.1404541	48.6913562
408	6.1416391	48.6904234
409	6.1421116	48.6923646
410	6.1386898	48.6934238
411	6.1388591	48.6922609
412	6.1389812	48.6920648
413	6.1382138	48.6928204
414	6.1384235	48.6906801
415	6.1386468	48.6906269
416	6.1386255	48.6907383
417	6.1395839	48.6899084
418	6.1422106	48.6888675
419	6.1394098	48.6908213
420	6.1470076	48.6923042
421	6.1436577	48.6907796
422	6.1441432	48.6920235
423	6.1460008	48.691667
424	6.1789798	48.6988773
425	6.1796968	48.6990013
426	6.166333	48.6873666
427	6.1648427	48.6865053
428	6.162501	48.6979284
429	6.1618285	48.6979018
430	6.1805593	48.6991705
431	6.1859292	48.7007039
432	6.1865028	48.7004197
433	6.1859051	48.7008549
434	6.185892	48.7010248
435	6.1823329	48.6997172
436	6.1818932	48.699662
437	6.1822172	48.6996273
438	6.163508	48.6992188
439	6.1632338	48.6990495
440	6.1624556	48.698749
441	6.1621019	48.6987275
442	6.160589	48.6987606
443	6.1567792	48.6986368
444	6.1538581	48.6980946
445	6.1487783	48.69739
446	6.1408225	48.6931817
447	6.1410893	48.6926088
448	6.1720825	48.6869115
449	6.1727173	48.6863023
450	6.173551	48.6851448
451	6.1736783	48.6847327
452	6.1424604	48.6999556
453	6.1399703	48.6997562
454	6.140978	48.6998371
455	6.1416381	48.7004523
456	6.1423848	48.7008334
457	6.1410338	48.7015328
458	6.1418323	48.7016567
459	6.141735	48.7019301
460	6.1426956	48.7015156
461	6.1422273	48.7011711
462	6.1430789	48.7013147
463	6.1421715	48.7010436
464	6.1405244	48.7008526
465	6.1720356	48.6855189
466	6.1731643	48.6858432
467	6.173253	48.6857265
468	6.1721294	48.6853839
469	6.1739418	48.684784
470	6.1749064	48.6837198
471	6.1743126	48.684368
472	6.1763168	48.6840193
473	6.1753833	48.6849406
474	6.176169	48.681536
475	6.1775424	48.6802534
476	6.1776369	48.6802775
477	6.1789015	48.6787105
478	6.1794691	48.6783327
479	6.1913772	48.6860002
480	6.1942809	48.6856449
481	6.1923441	48.6860842
482	6.1918654	48.6860807
483	6.2010937	48.6867339
484	6.2055641	48.6777051
485	6.1994534	48.6863651
486	6.1373563	48.6995571
487	6.1380763	48.699637
488	6.138538	48.7001382
489	6.1393577	48.6997046
490	6.1669963	48.6707802
491	6.1918995	48.6865329
492	6.1919074	48.6889477
493	6.1931993	48.6860192
494	6.2040759	48.6904483
495	6.147652	48.6966598
496	6.1881472	48.6802967
497	6.1851423	48.6790227
498	6.1828245	48.6779824
499	6.1826546	48.6780136
500	6.182584	48.6779
501	6.1827526	48.677846
502	6.1836021	48.6762787
503	6.1819384	48.6793321
504	6.1815112	48.6801216
505	6.1808734	48.677506
506	6.1818297	48.6777242
507	6.1828457	48.6760049
508	6.1783976	48.6814623
509	6.1802427	48.6819396
510	6.1807537	48.6811088
511	6.1857718	48.6817842
512	6.1844745	48.6808642
513	6.1839519	48.67851
514	6.1849603	48.6767958
515	6.1729897	48.6805427
516	6.1725883	48.6799167
517	6.173802	48.6807152
518	6.1739501	48.6801963
519	6.1963922	48.6769392
520	6.196069	48.6763963
521	6.1960744	48.676206
522	6.1967483	48.6775495
523	6.1970857	48.6776598
524	6.196682	48.6780282
525	6.1964823	48.6779245
526	6.1951094	48.6788716
527	6.1849926	48.6895111
528	6.188895	48.6906124
529	6.1890362	48.6880288
530	6.188147	48.6864301
531	6.1905664	48.6855665
532	6.1794799	48.67427
533	6.1770484	48.6761675
534	6.1757462	48.6776262
535	6.1737901	48.6768566
536	6.1755974	48.6748735
537	6.174321	48.6762903
538	6.1878449	48.6876474
539	6.2057778	48.6765779
540	6.1910346	48.6828378
541	6.1808136	48.6966797
542	6.1773276	48.6959304
543	6.1776116	48.6960327
544	6.1807874	48.6951047
545	6.1875166	48.694825
546	6.1697775	48.6759418
547	6.1727528	48.6768993
548	6.1836753	48.6891672
549	6.19096	48.6911973
550	6.1812132	48.6924487
551	6.1940254	48.6762058
552	6.1952446	48.6753751
553	6.1944472	48.6784697
554	6.14739	48.6922199
555	6.1470358	48.6945472
556	6.1437647	48.6943719
557	6.1381108	48.6947523
558	6.1386086	48.6947604
559	6.1385581	48.6949148
560	6.1958646	48.6759472
561	6.1958936	48.6761974
562	6.1956076	48.6758597
563	6.1464064	48.6924306
564	6.1436203	48.6928896
565	6.18881	48.6874031
566	6.1669111	48.6898741
567	6.1657141	48.6930036
568	6.1649038	48.6921125
569	6.165042	48.6917338
570	6.1655593	48.6910531
571	6.1664435	48.6897302
572	6.1672255	48.69255
573	6.1641231	48.6915912
574	6.1662514	48.6919065
575	6.1664657	48.6912863
576	6.1715575	48.6840224
577	6.1719712	48.6831967
578	6.1725166	48.6821215
579	6.1658866	48.6692614
580	6.1656052	48.6694819
581	6.1651174	48.6697915
582	6.1635998	48.6827996
583	6.163822	48.6822541
584	6.1778154	48.6882135
585	6.1660352	48.6702744
586	6.1618408	48.6712277
587	6.1666569	48.6696585
588	6.1647913	48.6671682
589	6.1644655	48.6678317
590	6.1646118	48.668157
591	6.1638615	48.6675251
592	6.1654024	48.6708919
593	6.1643178	48.6708761
594	6.1630772	48.6716887
595	6.1770289	48.6818814
596	6.1784977	48.6805117
597	6.1771143	48.6781815
598	6.1789421	48.6826378
599	6.1796491	48.6829214
600	6.1611755	48.6696027
601	6.1623353	48.670686
602	6.1618304	48.6695633
603	6.2017306	48.6765954
604	6.1990199	48.6863179
605	6.19899	48.6873775
606	6.2029769	48.6898475
607	6.1995853	48.6879174
608	6.1891075	48.6890943
609	6.187737	48.6886823
610	6.1885474	48.6889252
611	6.187585	48.6902445
612	6.1780997	48.6735078
613	6.1758278	48.675091
614	6.1842363	48.7012865
615	6.1762449	48.7001995
616	6.1897728	48.67957
617	6.1919498	48.6778462
618	6.1928614	48.6789429
619	6.1942913	48.6792525
620	6.1821596	48.6814787
621	6.1817343	48.6821494
622	6.1784423	48.6834895
623	6.1773384	48.6831029
624	6.1775986	48.676666
625	6.1725979	48.6922125
626	6.1712254	48.6953358
627	6.1747755	48.6934372
628	6.1736634	48.6928086
629	6.1742772	48.6923403
630	6.1706596	48.6945367
631	6.1694129	48.6969533
632	6.172278	48.6919396
633	6.1706904	48.6912978
634	6.1743771	48.6937238
635	6.1709742	48.6910146
636	6.1728364	48.6906668
637	6.1714604	48.6933947
638	6.171175	48.6937905
639	6.168526	48.6931078
640	6.1677993	48.6938695
641	6.1699921	48.6960583
642	6.1708183	48.6956545
643	6.176036	48.6922677
644	6.1831591	48.6924392
645	6.1857749	48.6939387
646	6.1876999	48.6945738
647	6.1883517	48.690459
648	6.1868191	48.6935791
649	6.1887345	48.6899468
650	6.1842192	48.6864953
651	6.1837195	48.6926054
652	6.1793544	48.6918407
653	6.1876948	48.6913316
654	6.1856447	48.6906794
655	6.1849821	48.6924693
656	6.1839724	48.692162
657	6.1870904	48.6901058
658	6.1868049	48.6900291
659	6.1883586	48.6878095
660	6.1877123	48.6902797
661	6.1870874	48.6911418
662	6.1871963	48.6920023
663	6.1755836	48.6832195
664	6.1742685	48.685438
665	6.1734608	48.6866618
666	6.173988	48.6857994
667	6.1835709	48.6873739
668	6.1847303	48.6877366
669	6.1523452	48.7056465
670	6.1500877	48.7045091
671	6.152547	48.7006538
672	6.1515057	48.6996815
673	6.1511378	48.7002418
674	6.1524204	48.7010296
675	6.1543577	48.7015954
676	6.1541116	48.7019674
677	6.1577034	48.7030196
678	6.1575946	48.7037853
679	6.159412	48.7032551
680	6.1786644	48.693841
681	6.178901	48.693908
682	6.1781692	48.6945283
683	6.1786461	48.6946561
684	6.1786788	48.6952309
685	6.1780359	48.6937125
686	6.1787948	48.6938784
687	6.1795571	48.6937059
688	6.1758127	48.6994383
689	6.1790648	48.692252
690	6.166122	48.6883032
691	6.1659827	48.6881018
692	6.1662442	48.6883407
693	6.184194	48.6884635
694	6.1830319	48.6881018
695	6.1869173	48.6873518
696	6.1625337	48.6991355
697	6.1591631	48.699471
698	6.1630717	48.7002871
699	6.1637676	48.699305
700	6.1779207	48.685453
701	6.1765936	48.7044958
702	6.1794764	48.7041919
703	6.1741791	48.6887097
704	6.1763828	48.6908809
705	6.1778024	48.6880865
706	6.1806783	48.6866207
707	6.1780276	48.6886335
708	6.1788976	48.6889053
709	6.1867347	48.6857071
710	6.1834383	48.6818259
711	6.1650779	48.6670715
712	6.1868535	48.6830407
713	6.1855043	48.6836227
714	6.175266	48.6912621
715	6.1773315	48.6923163
716	6.1781045	48.6915683
717	6.1783014	48.6915018
718	6.1800806	48.6908407
719	6.1786953	48.6904123
720	6.1793416	48.6906126
721	6.1796811	48.6901361
722	6.1769354	48.6925295
723	6.1850191	48.6853905
724	6.1861563	48.6857444
725	6.1827084	48.6872431
726	6.1855986	48.6889149
727	6.1727647	48.6962871
728	6.1729139	48.6963305
729	6.17915	48.6837362
730	6.1805019	48.684224
731	6.1927426	48.6786304
732	6.1923896	48.6787035
733	6.1911862	48.678427
734	6.1935201	48.6797401
735	6.1909068	48.6801068
736	6.1762193	48.6921198
737	6.18121	48.6787634
738	6.1884793	48.6829646
739	6.189837	48.6835767
740	6.1866764	48.6819923
741	6.1860941	48.6828082
742	6.1888017	48.6831088
743	6.1901899	48.6833622
744	6.1848205	48.6856631
745	6.1834381	48.6862598
746	6.1872195	48.689427
747	6.1879892	48.6896797
748	6.1654654	48.6822023
749	6.1829667	48.6860927
750	6.1642121	48.675248
751	6.1650437	48.6768665
752	6.1823423	48.6953611
753	6.1828366	48.6955084
754	6.1801833	48.6965287
755	6.1778064	48.6957003
756	6.1785952	48.6954353
757	6.1791761	48.6959081
758	6.1784811	48.6964799
759	6.1760575	48.6964316
760	6.17655	48.6973045
761	6.178262	48.6983467
762	6.1797675	48.698333
763	6.1778619	48.6988104
764	6.1752366	48.6984157
765	6.1746625	48.6984405
766	6.1733985	48.6728909
767	6.1719196	48.6730348
768	6.1726694	48.6732745
769	6.1724272	48.6739032
770	6.1719521	48.6744477
771	6.1773309	48.6992741
772	6.1777008	48.6998125
773	6.1720274	48.6778294
774	6.182221	48.7006626
775	6.1827495	48.6999274
776	6.1702088	48.7035142
777	6.187292	48.6893165
778	6.1678995	48.6988975
779	6.1691056	48.6971932
780	6.1693466	48.6970252
781	6.1695758	48.6994108
782	6.169118	48.6993118
783	6.1690106	48.7007404
784	6.1682149	48.6939457
785	6.1675232	48.6951866
786	6.17011	48.6957286
787	6.1811686	48.6760523
788	6.1815747	48.6754188
789	6.1816886	48.6762392
790	6.1825157	48.6797679
791	6.1819982	48.6805505
792	6.1683977	48.6922123
793	6.1539027	48.699939
794	6.15815	48.6996136
795	6.1635533	48.6991425
796	6.166275	48.699105
797	6.1650697	48.7008049
798	6.1638508	48.7022584
799	6.1665297	48.7009099
800	6.1664286	48.7009185
801	6.1661214	48.7017066
802	6.167962	48.7020032
803	6.1657654	48.7025175
804	6.1668988	48.7026678
805	6.1655493	48.7030591
806	6.1710291	48.7015056
807	6.1718347	48.7012376
808	6.1699965	48.703814
809	6.164675	48.674579
810	6.1673532	48.6740708
811	6.1668165	48.6716082
812	6.1664081	48.6713573
813	6.173758	48.6863093
814	6.1745909	48.7044249
815	6.1781648	48.7074821
816	6.1780747	48.7075477
817	6.1784288	48.7076635
818	6.1786466	48.7078363
819	6.1805906	48.7069774
820	6.1794705	48.7081415
821	6.1787859	48.7078874
822	6.1752637	48.7034885
823	6.1795086	48.7046075
824	6.1763956	48.705162
825	6.1795067	48.7065067
826	6.1792043	48.7056712
827	6.1792946	48.7071325
828	6.1797928	48.70663
829	6.1822787	48.7040926
830	6.1820769	48.7053836
831	6.1801204	48.7058827
832	6.1773164	48.708381
833	6.1780585	48.7089294
834	6.1777649	48.7087136
835	6.1789001	48.7080407
836	6.1727049	48.704469
837	6.1723197	48.706075
838	6.173053	48.7062618
839	6.1779123	48.7021836
840	6.1801352	48.7022387
841	6.1754418	48.702629
842	6.17747	48.702579
843	6.1793544	48.7034701
844	6.1806415	48.7024597
845	6.181495	48.7030242
846	6.1812495	48.7014815
847	6.1833185	48.7009937
848	6.1828414	48.7018418
849	6.1809165	48.7025797
850	6.1813509	48.7026137
851	6.1813104	48.7028536
852	6.1763031	48.7003025
853	6.1765892	48.70024
854	6.1779729	48.7007101
855	6.1779689	48.7009679
856	6.1894821	48.6963575
857	6.1878002	48.6988213
858	6.1876516	48.6990588
859	6.187312	48.7010579
860	6.1911601	48.7020738
861	6.183719	48.7047491
862	6.1900289	48.7027752
863	6.1911025	48.7000886
864	6.1905841	48.7035226
865	6.1889562	48.7003223
866	6.1915137	48.6987645
867	6.1900027	48.7027922
868	6.1909426	48.6974265
869	6.1850132	48.7035868
870	6.1911177	48.6983764
871	6.1934774	48.6991466
872	6.1851218	48.7034883
873	6.1925784	48.6985754
874	6.1925786	48.6983697
875	6.1917795	48.6978847
876	6.1852147	48.7023085
877	6.191781	48.6961237
878	6.1957285	48.6973302
879	6.1948799	48.6953541
880	6.1964901	48.6975339
881	6.1955282	48.6993625
882	6.196224	48.6960791
883	6.1959423	48.6984043
884	6.193649	48.6966882
885	6.189892	48.6954942
886	6.1904538	48.6953685
887	6.1902447	48.695547
888	6.1898551	48.6955447
889	6.1901046	48.6952743
890	6.1901255	48.6956306
891	6.1901779	48.6954324
892	6.1900835	48.6954659
893	6.1896841	48.6954963
894	6.1901331	48.6953498
895	6.1893068	48.6953545
896	6.1899419	48.695436
897	6.1898107	48.6956284
898	6.1900137	48.6955905
899	6.1949646	48.6942967
900	6.1934903	48.6957444
901	6.1943341	48.6939553
902	6.1935651	48.6956423
903	6.1926284	48.695357
904	6.1898775	48.692777
905	6.1878878	48.6924903
906	6.1886207	48.6923927
907	6.1896695	48.6929519
908	6.1870435	48.6922187
909	6.1972631	48.6955539
910	6.1966435	48.6940925
911	6.1950248	48.6954168
912	6.1965527	48.6951874
913	6.1963179	48.6961307
914	6.1957778	48.6948002
915	6.1928412	48.691707
916	6.1936166	48.6913799
917	6.1926815	48.6916685
918	6.1926158	48.6917571
919	6.1928628	48.6914627
920	6.2008581	48.6985935
921	6.1992039	48.6976027
922	6.2007901	48.69872
923	6.1958974	48.6926758
924	6.1957751	48.6936237
925	6.1948111	48.692204
926	6.1974044	48.6944971
927	6.1829726	48.6881877
928	6.1821912	48.6879531
929	6.1846067	48.6928802
930	6.1796618	48.6914223
931	6.1804386	48.6916748
932	6.1856728	48.6917427
933	6.1949135	48.6943376
934	6.1849663	48.6895357
935	6.164222	48.672985
936	6.2033519	48.6821759
937	6.2060639	48.68401
938	6.2064799	48.6828684
939	6.20265	48.6835962
940	6.2055875	48.6876506
941	6.2022903	48.6835541
942	6.1958354	48.6856515
943	6.195176	48.6869663
944	6.1948569	48.6874201
945	6.2000849	48.6855223
946	6.1985615	48.6877226
947	6.1995601	48.6864284
948	6.1992481	48.6868193
949	6.2021186	48.6835804
950	6.2016623	48.6830147
951	6.197157	48.694366
952	6.1725125	48.6832794
953	6.1730412	48.6823124
954	6.1516217	48.7039958
955	6.1534293	48.7045407
956	6.1521243	48.7032324
957	6.1530806	48.7035064
958	6.151135	48.7029299
959	6.1506242	48.7037019
960	6.1541351	48.7038167
961	6.1525619	48.7042711
962	6.192003	48.6862534
963	6.1918735	48.6862329
964	6.1918139	48.6861633
965	6.1920831	48.6860925
966	6.1921115	48.6861842
967	6.1925612	48.6860298
968	6.1955735	48.6924936
969	6.1905349	48.6964561
970	6.1901001	48.6970839
971	6.1904263	48.6972158
972	6.1892999	48.6990734
973	6.1887837	48.6994849
974	6.1886383	48.7000039
975	6.1869584	48.7000707
976	6.1978167	48.686068
977	6.188315	48.6784911
978	6.1869269	48.6798068
979	6.1928159	48.6859673
980	6.1797191	48.6847956
981	6.1736289	48.6905839
982	6.177095	48.6841791
983	6.1780868	48.6843852
984	6.1775256	48.6850425
985	6.1834961	48.6874726
986	6.1750547	48.6978494
987	6.1863971	48.7012973
988	6.1659533	48.6895846
989	6.1648893	48.6953348
990	6.1591069	48.6907341
991	6.1583094	48.6909646
992	6.1486333	48.6964266
993	6.1428839	48.6998808
994	6.142731	48.6999675
995	6.1575461	48.7039698
996	6.1562285	48.7052551
997	6.1557728	48.7056998
998	6.17639	48.6725975
999	6.1764001	48.6727508
1000	6.1583335	48.7020138
1001	6.1589471	48.7021559
1002	6.1595359	48.7023226
1003	6.1579993	48.7025226
1004	6.158597	48.7026931
1005	6.1591828	48.7028639
1006	6.159681	48.7030027
1007	6.158971	48.7031935
1008	6.155462	48.7035922
1009	6.15608	48.7037805
1010	6.1566181	48.7039363
1011	6.155653	48.7043092
1012	6.15597	48.7047876
1013	6.1848038	48.6835957
1014	6.1858425	48.6839205
1015	6.1684346	48.6924891
1016	6.138144	48.6949226
1017	6.1383559	48.6949849
1018	6.1380499	48.6950894
1019	6.1801768	48.6789076
1020	6.1748572	48.7040984
1021	6.1636175	48.6690058
1022	6.1636211	48.6691715
1023	6.1637478	48.6692196
1024	6.1386258	48.6905208
1025	6.1388758	48.6906812
1026	6.16456	48.6966709
1027	6.1594845	48.6968837
1028	6.1583938	48.6970261
1029	6.1579136	48.6970753
1030	6.1564255	48.6972603
1031	6.1621445	48.6973217
1032	6.1643741	48.6974
1033	6.1943618	48.6897222
1034	6.1936232	48.6898801
1035	6.1953078	48.6900119
1036	6.1738386	48.6984362
1037	6.1695521	48.7044382
1038	6.1741452	48.7041332
1039	6.1705315	48.7045942
1040	6.1990394	48.6771931
1041	6.1992355	48.6772662
1042	6.1987649	48.6776007
1043	6.1974526	48.6787034
1044	6.1973466	48.6786489
1045	6.1973238	48.6788045
1046	6.1953532	48.6800648
1047	6.193514	48.6813352
1048	6.1903557	48.6813173
1049	6.1919728	48.6822851
1050	6.1917763	48.682311
1051	6.1885714	48.6842826
1052	6.1693775	48.7046169
1053	6.1696569	48.7046839
1054	6.1979999	48.6891493
1055	6.197697	48.689383
1056	6.1472109	48.6945883
1057	6.147015	48.6949545
1058	6.1951002	48.6928873
1059	6.1670705	48.6857435
1060	6.167636	48.6858131
1061	6.1892933	48.6827614
1062	6.2059523	48.6862934
1063	6.1783728	48.6951424
1064	6.2007572	48.6783807
1065	6.196796	48.687967
1066	6.1983881	48.6888405
1067	6.199371	48.689889
1068	6.1933266	48.6858668
1069	6.1890926	48.6881699
1070	6.1881409	48.6894708
1071	6.1854475	48.6896372
1072	6.1889025	48.6897187
1073	6.1890133	48.6897539
1074	6.1861369	48.6898342
1075	6.1864677	48.6909429
1076	6.1845831	48.6929139
1077	6.1864524	48.6941619
1078	6.1606293	48.6978132
1079	6.1483086	48.6985389
1080	6.2002922	48.6899148
1081	6.2018626	48.6907849
1082	6.1965622	48.6884347
1083	6.1979506	48.6891894
1084	6.1972633	48.6897118
1085	6.1982167	48.690232
1086	6.2007123	48.6917375
1087	6.201214	48.6919002
1088	6.2018353	48.6920994
1089	6.1913941	48.696005
1090	6.1728979	48.6756532
1091	6.1737832	48.6760682
1092	6.1758831	48.7039793
1093	6.1882206	48.6920209
1094	6.1625339	48.694284
1095	6.1606451	48.6943125
1096	6.1600493	48.6943221
1097	6.1608927	48.6945433
1098	6.1616461	48.6948185
1099	6.1581818	48.6948678
1100	6.1562582	48.6950524
1101	6.1596247	48.6953662
1102	6.1593608	48.6958639
1103	6.191808	48.6827506
1104	6.191355	48.6830503
1105	6.1444018	48.7012334
1106	6.1460209	48.7017057
1107	6.1471307	48.7020294
1108	6.1448473	48.7034714
1109	6.1459538	48.7037903
1110	6.1624816	48.6890304
1111	6.1685392	48.6706959
1112	6.195981	48.6757676
1113	6.1958174	48.676114
1114	6.1949493	48.676513
1115	6.1963669	48.6779545
1116	6.1658724	48.6718804
1117	6.1565945	48.69823
1118	6.1772804	48.6884952
1119	6.2055476	48.6960833
1120	6.162641	48.7051949
1121	6.163714	48.7053224
1122	6.1694201	48.6797429
1123	6.1710523	48.6957158
1124	6.1713725	48.6958396
1125	6.1667794	48.7002437
1126	6.1690905	48.7006268
1127	6.1692641	48.7008018
1128	6.1796041	48.6848786
1129	6.1942449	48.6739644
1130	6.1942952	48.6740483
1131	6.1928513	48.691937
1132	6.1880387	48.6988959
1133	6.2009096	48.68941
1134	6.1871277	48.6850384
1135	6.1934864	48.6812565
1136	6.2012639	48.6888683
1137	6.1801354	48.6907756
1138	6.1645123	48.6688822
1139	6.166847	48.6715657
1140	6.1680819	48.6719916
1141	6.1516788	48.7021114
1142	6.151588	48.7022459
1143	6.1536498	48.7026838
1144	6.1546956	48.70299
1145	6.1546043	48.7031288
1146	6.1556184	48.7033314
1147	6.1555846	48.7033886
1148	6.1449654	48.7004603
1149	6.1464486	48.7007115
1150	6.1477045	48.7009786
1151	6.1479832	48.7010409
1152	6.1476222	48.7011147
1153	6.1477177	48.7011367
1154	6.1478149	48.701159
1155	6.1963585	48.6844544
1156	6.1418072	48.6928118
1157	6.1442574	48.700288
1158	6.154424	48.7015099
1159	6.1989106	48.6948773
1160	6.160792	48.7047631
1161	6.1625334	48.7023909
1162	6.1692814	48.697205
1163	6.19776	48.694204
1164	6.1833876	48.7047484
1165	6.183238	48.7048095
1166	6.1715488	48.6706904
1167	6.1711761	48.6708868
1168	6.1740802	48.6744923
1169	6.1459186	48.6916167
1170	6.1456925	48.6917552
1171	6.1801499	48.6978683
1172	6.1622721	48.6838888
1173	6.1626298	48.6839492
1174	6.1462104	48.6944047
1175	6.1489928	48.6974605
1176	6.1488279	48.6975169
1177	6.1579502	48.6929183
1178	6.1797244	48.6951236
1179	6.1796368	48.6953603
1180	6.179353	48.6959985
1181	6.1790692	48.6962246
1182	6.1501797	48.6916389
1183	6.1463457	48.6955052
1184	6.1471032	48.6955201
1185	6.1646861	48.6955976
1186	6.1645944	48.6957273
1187	6.1624954	48.6985933
1188	6.1763483	48.6894079
1189	6.1781372	48.68994
1190	6.1880424	48.6922705
1191	6.1544928	48.698377
1192	6.1555442	48.6992089
1193	6.1928824	48.6920564
1194	6.196382	48.6844102
1195	6.1885477	48.6870441
1196	6.1886653	48.6870452
1197	6.1885365	48.6871273
1198	6.1886566	48.6871377
1199	6.1753725	48.6855516
1200	6.1755361	48.706321
1201	6.1763951	48.7063339
1202	6.1754414	48.7071535
1203	6.1697283	48.704651
1204	6.1700182	48.7048019
1205	6.1699177	48.7048511
1206	6.1986668	48.69886
1207	6.20141	48.6989959
1208	6.2004257	48.6993037
1209	6.200411	48.6993275
1210	6.2022189	48.699391
1211	6.1882365	48.6996887
1212	6.1880369	48.7001893
1213	6.1713224	48.6911234
1214	6.1659295	48.6825154
1215	6.1840736	48.68542
1216	6.1732455	48.6880361
1217	6.1861783	48.6933768
1218	6.1589907	48.6941894
1219	6.1590307	48.6950205
1220	6.1649454	48.6908209
1221	6.167951	48.6923597
1222	6.1674808	48.6925291
1223	6.1861677	48.6933908
1224	6.1800807	48.6942394
1225	6.1725011	48.6962067
1226	6.1727309	48.6962772
1227	6.1729476	48.6963397
1228	6.1732629	48.6964123
1229	6.1772745	48.7053106
1230	6.1914355	48.7005261
1231	6.1573549	48.7011815
1232	6.1585151	48.701304
1233	6.1629535	48.70074
1234	6.1818844	48.7047547
1235	6.1629936	48.6807407
1236	6.1634295	48.6808125
1237	6.1623431	48.6823579
1238	6.1622567	48.6825733
1239	6.1620619	48.6830697
1240	6.1619885	48.6832629
1241	6.1642833	48.6874949
1242	6.1660411	48.6879806
1243	6.1986479	48.6797941
1244	6.1608977	48.6713404
1245	6.1605326	48.6714743
1246	6.1743064	48.6742642
1247	6.1753452	48.6743429
1248	6.1774292	48.7058648
1249	6.1767407	48.7062767
1250	6.1768569	48.7064659
1251	6.1388914	48.6951086
1252	6.1379816	48.6951613
1253	6.1964243	48.6903733
1254	6.1998757	48.6877015
1255	6.1928389	48.6967269
1256	6.1925771	48.6983817
1257	6.1925797	48.6984941
1258	6.15385	48.706086
1259	6.1981799	48.6976614
1260	6.1973582	48.6979578
1261	6.1979341	48.6981056
1262	6.1981891	48.6981739
1263	6.1988671	48.6983613
1264	6.1969868	48.6983772
1265	6.1979568	48.6985353
1266	6.1977336	48.6989033
1267	6.164047	48.6884388
1268	6.164005	48.6884474
1269	6.163806	48.6884887
1270	6.1637566	48.6884987
1271	6.1641149	48.6886861
1272	6.163922	48.6887275
1273	6.154247	48.7054821
1274	6.2053001	48.6866318
1275	6.2045572	48.687441
1276	6.1628039	48.6884715
1277	6.1824597	48.7038145
1278	6.1822167	48.703932
1279	6.1876875	48.6998978
1280	6.1980568	48.6908966
1281	6.1415119	48.6959958
1282	6.1415935	48.6960452
1283	6.1430209	48.6991186
1284	6.1430156	48.6991949
1285	6.1429808	48.6994192
1286	6.1801643	48.6788196
1287	6.1800611	48.6788293
1288	6.1993469	48.6869737
1289	6.1776483	48.6872647
1290	6.1780201	48.6874616
1291	6.1783662	48.6876605
1292	6.1976824	48.6920575
1293	6.1937872	48.6944078
1294	6.1931686	48.6949135
1295	6.2004403	48.6814974
1296	6.1420906	48.7014725
1297	6.1416539	48.7016368
1298	6.1627267	48.70358
1299	6.1959553	48.6759268
1300	6.1961781	48.6761474
1301	6.1966524	48.6762995
1302	6.1780525	48.6985798
1303	6.1818289	48.6942988
1304	6.1994411	48.6768434
1305	6.1994858	48.6768635
1306	6.1922268	48.6967376
1307	6.1598506	48.7034149
1308	6.1489121	48.7000052
1309	6.1491262	48.7000678
1310	6.1499067	48.7002957
1311	6.150125	48.7003594
1312	6.1509018	48.7005862
1313	6.1385703	48.6907554
1314	6.1384344	48.6914817
1315	6.1383852	48.6917804
1316	6.1372199	48.6993809
1317	6.2001203	48.6995911
1318	6.1749704	48.6980455
1319	6.1896365	48.683689
1320	6.1892387	48.683907
1321	6.2024561	48.690282
1322	6.1689013	48.6722234
1323	6.1692677	48.6730866
1324	6.1919341	48.6791516
1325	6.1976212	48.6785283
1326	6.1827043	48.6860074
1327	6.1932965	48.6814253
1328	6.1924702	48.6819264
1329	6.2027642	48.683377
1330	6.2023961	48.6837416
1331	6.2025068	48.6838781
1332	6.1681399	48.6930056
1333	6.197132	48.6845881
1334	6.1683033	48.6743893
1335	6.1391124	48.6997465
1336	6.1978928	48.6813245
1337	6.1984933	48.6794554
1338	6.1559231	48.7058044
1339	6.151878	48.7018211
1340	6.1806718	48.7053356
1341	6.174131	48.6871427
1342	6.1403221	48.6898219
1343	6.1386336	48.6906169
1344	6.1835126	48.6861852
1345	6.1796635	48.6863118
1346	6.179029	48.687219
1347	6.1421851	48.7033575
1348	6.1419268	48.7032293
1349	6.142275	48.7032879
1350	6.1427837	48.7000213
1351	6.1659305	48.6719961
1352	6.1977528	48.6817384
1353	6.1714078	48.6735708
1354	6.180408	48.6852856
1355	6.2001237	48.6786236
1356	6.1989785	48.679388
1357	6.1775999	48.6882435
1358	6.2029352	48.6836417
1359	6.1976449	48.6818304
1360	6.1742815	48.6975286
1361	6.1738121	48.6981872
1362	6.1741294	48.69828
1363	6.1745993	48.6976271
1364	6.1749891	48.6977535
1365	6.1740438	48.6982559
1366	6.1505601	48.6910401
1367	6.1499135	48.6915133
1368	6.1851939	48.6833647
1369	6.1751735	48.6910288
1370	6.1724948	48.6760401
1371	6.1821617	48.6879943
1372	6.1798685	48.6849604
1373	6.1843881	48.6833631
1374	6.1998232	48.6930809
1375	6.1657468	48.6720096
1376	6.1751186	48.6981822
1377	6.1750265	48.6978856
1378	6.1948975	48.6970698
1379	6.1813653	48.6855845
1380	6.1627115	48.6962151
1381	6.1549735	48.7016656
1382	6.1556596	48.700814
1383	6.1635299	48.669368
1384	6.188837	48.6845149
1385	6.1632603	48.6696629
1386	6.1629868	48.6699658
1387	6.1659735	48.6992173
1388	6.1869177	48.7001311
1389	6.1890312	48.6991104
1390	6.1553217	48.7029414
1391	6.1554094	48.7023462
1392	6.1783973	48.6931927
1393	6.1933822	48.6990349
1394	6.1626683	48.6964229
1395	6.1864713	48.6883687
1396	6.1995391	48.6896368
1397	6.1525189	48.6997227
1398	6.1651348	48.6676042
1399	6.1647064	48.6680132
